date,ags,age_group,stage,new
2023-01-10,01001,18-59,1,5
2023-01-10,01001,18-59,3,5
2023-01-10,01001,18-59,4,22
2023-01-10,01001,60+,2,5
2023-01-10,01001,60+,4,23
2023-01-10,01001,60+,5,30
2023-01-10,01002,18-59,3,6
2023-01-10,01002,18-59,4,23
2023-01-10,01002,18-59,5,6
2023-01-10,01002,60+,4,38
2023-01-10,01002,60+,5,55
2023-01-10,01003,18-59,4,37
2023-01-10,01003,18-59,5,10
2023-01-10,01003,18-59,6,5
2023-01-10,01003,60+,3,7
2023-01-10,01003,60+,4,50
2023-01-10,01003,60+,5,48
2023-01-10,01003,60+,6,5
2023-01-10,01004,18-59,4,13
2023-01-10,01004,60+,3,5
2023-01-10,01004,60+,4,10
2023-01-10,01051,18-59,4,50
2023-01-10,01051,18-59,5,6
2023-01-10,01051,60+,4,69
2023-01-10,01051,60+,5,59
2023-01-10,01053,18-59,3,8
2023-01-10,01053,18-59,4,23
2023-01-10,01053,18-59,5,8
2023-01-10,01053,60+,4,24
2023-01-10,01053,60+,5,30
2023-01-10,01054,18-59,3,8
2023-01-10,01054,18-59,4,28
2023-01-10,01054,18-59,6,5
2023-01-10,01054,60+,4,33
2023-01-10,01054,60+,5,28
2023-01-10,01055,18-59,3,5
2023-01-10,01055,18-59,4,14
2023-01-10,01055,18-59,5,9
2023-01-10,01055,60+,4,39
2023-01-10,01055,60+,5,58
2023-01-10,01056,18-59,3,10
2023-01-10,01056,18-59,4,50
2023-01-10,01056,60+,4,75
2023-01-10,01056,60+,5,90
2023-01-10,01057,18-59,4,23
2023-01-10,01057,18-59,5,8
2023-01-10,01057,60+,4,36
2023-01-10,01057,60+,5,52
2023-01-10,01058,18-59,3,5
2023-01-10,01058,18-59,4,24
2023-01-10,01058,18-59,5,7
2023-01-10,01058,60+,4,42
2023-01-10,01058,60+,5,54
2023-01-10,01059,18-59,3,6
2023-01-10,01059,18-59,4,45
2023-01-10,01059,18-59,5,7
2023-01-10,01059,60+,3,7
2023-01-10,01059,60+,4,61
2023-01-10,01059,60+,5,41
2023-01-10,01059,60+,6,6
2023-01-10,01060,18-59,3,6
2023-01-10,01060,18-59,4,27
2023-01-10,01060,18-59,5,6
2023-01-10,01060,60+,3,5
2023-01-10,01060,60+,4,65
2023-01-10,01060,60+,5,71
2023-01-10,01061,12-17,4,6
2023-01-10,01061,18-59,4,8
2023-01-10,01061,60+,4,12
2023-01-10,01061,60+,5,8
2023-01-10,01062,18-59,4,27
2023-01-10,01062,18-59,5,12
2023-01-10,01062,60+,4,55
2023-01-10,01062,60+,5,54
2023-01-10,02000,05-11,1,7
2023-01-10,02000,18-59,1,6
2023-01-10,02000,18-59,2,13
2023-01-10,02000,18-59,3,30
2023-01-10,02000,18-59,4,238
2023-01-10,02000,18-59,5,45
2023-01-10,02000,60+,1,5
2023-01-10,02000,60+,2,6
2023-01-10,02000,60+,3,9
2023-01-10,02000,60+,4,296
2023-01-10,02000,60+,5,248
2023-01-10,03101,18-59,2,6
2023-01-10,03101,18-59,3,5
2023-01-10,03101,18-59,4,15
2023-01-10,03101,60+,4,34
2023-01-10,03101,60+,5,35
2023-01-10,03102,18-59,4,5
2023-01-10,03102,60+,4,18
2023-01-10,03102,60+,5,10
2023-01-10,03103,60+,4,10
2023-01-10,03103,60+,5,13
2023-01-10,03151,18-59,4,28
2023-01-10,03151,18-59,5,14
2023-01-10,03151,60+,4,30
2023-01-10,03151,60+,5,23
2023-01-10,03153,05-11,4,6
2023-01-10,03153,18-59,2,6
2023-01-10,03153,18-59,4,16
2023-01-10,03153,18-59,5,6
2023-01-10,03153,60+,3,5
2023-01-10,03153,60+,4,9
2023-01-10,03153,60+,5,17
2023-01-10,03154,60+,4,11
2023-01-10,03155,18-59,4,19
2023-01-10,03155,18-59,5,11
2023-01-10,03155,60+,4,12
2023-01-10,03155,60+,5,9
2023-01-10,03157,60+,4,16
2023-01-10,03157,60+,5,15
2023-01-10,03158,18-59,4,15
2023-01-10,03158,60+,4,12
2023-01-10,03159,18-59,3,5
2023-01-10,03159,18-59,4,40
2023-01-10,03159,60+,4,33
2023-01-10,03159,60+,5,27
2023-01-10,03241,18-59,3,11
2023-01-10,03241,18-59,4,82
2023-01-10,03241,18-59,5,21
2023-01-10,03241,60+,4,164
2023-01-10,03241,60+,5,116
2023-01-10,03251,18-59,4,27
2023-01-10,03251,60+,4,37
2023-01-10,03251,60+,5,8
2023-01-10,03252,05-11,5,5
2023-01-10,03252,18-59,3,6
2023-01-10,03252,18-59,4,14
2023-01-10,03252,60+,5,8
2023-01-10,03254,18-59,3,6
2023-01-10,03254,18-59,4,23
2023-01-10,03254,60+,4,37
2023-01-10,03254,60+,5,30
2023-01-10,03255,18-59,4,23
2023-01-10,03255,60+,3,5
2023-01-10,03255,60+,4,21
2023-01-10,03255,60+,5,15
2023-01-10,03257,60+,4,12
2023-01-10,03257,60+,5,10
2023-01-10,03351,18-59,3,7
2023-01-10,03351,18-59,4,14
2023-01-10,03351,18-59,5,7
2023-01-10,03351,60+,4,17
2023-01-10,03351,60+,5,15
2023-01-10,03352,18-59,4,12
2023-01-10,03352,18-59,5,8
2023-01-10,03352,60+,4,35
2023-01-10,03352,60+,5,27
2023-01-10,03353,18-59,4,18
2023-01-10,03353,18-59,5,6
2023-01-10,03353,60+,4,22
2023-01-10,03353,60+,5,23
2023-01-10,03354,60+,4,10
2023-01-10,03355,18-59,4,26
2023-01-10,03355,18-59,5,11
2023-01-10,03355,60+,4,22
2023-01-10,03355,60+,5,35
2023-01-10,03356,18-59,5,17
2023-01-10,03356,60+,4,7
2023-01-10,03356,60+,5,9
2023-01-10,03357,18-59,4,6
2023-01-10,03357,60+,4,12
2023-01-10,03357,60+,5,9
2023-01-10,03358,18-59,3,5
2023-01-10,03358,18-59,4,14
2023-01-10,03358,60+,2,5
2023-01-10,03358,60+,4,43
2023-01-10,03358,60+,5,26
2023-01-10,03359,18-59,4,11
2023-01-10,03359,60+,4,18
2023-01-10,03359,60+,5,12
2023-01-10,03359,60+,6,8
2023-01-10,03360,18-59,3,5
2023-01-10,03360,18-59,4,6
2023-01-10,03360,60+,4,13
2023-01-10,03361,18-59,4,17
2023-01-10,03361,60+,4,24
2023-01-10,03361,60+,5,31
2023-01-10,03401,18-59,5,6
2023-01-10,03403,05-11,1,5
2023-01-10,03403,05-11,3,7
2023-01-10,03403,12-17,1,6
2023-01-10,03403,12-17,3,5
2023-01-10,03403,18-59,3,7
2023-01-10,03403,18-59,4,33
2023-01-10,03403,60+,4,35
2023-01-10,03404,18-59,4,13
2023-01-10,03404,18-59,5,7
2023-01-10,03404,60+,3,7
2023-01-10,03404,60+,4,19
2023-01-10,03404,60+,5,24
2023-01-10,03405,18-59,4,7
2023-01-10,03405,60+,4,14
2023-01-10,03405,60+,5,20
2023-01-10,03451,18-59,4,27
2023-01-10,03451,18-59,5,12
2023-01-10,03451,60+,4,38
2023-01-10,03451,60+,5,20
2023-01-10,03452,60+,4,6
2023-01-10,03452,60+,5,5
2023-01-10,03453,18-59,4,10
2023-01-10,03453,60+,4,6
2023-01-10,03453,60+,5,11
2023-01-10,03454,12-17,3,6
2023-01-10,03454,18-59,3,6
2023-01-10,03454,18-59,4,28
2023-01-10,03454,18-59,5,5
2023-01-10,03454,60+,4,42
2023-01-10,03454,60+,5,22
2023-01-10,03455,18-59,4,9
2023-01-10,03455,18-59,5,14
2023-01-10,03455,60+,4,35
2023-01-10,03455,60+,5,15
2023-01-10,03456,18-59,4,10
2023-01-10,03456,60+,4,14
2023-01-10,03456,60+,5,7
2023-01-10,03458,12-17,3,7
2023-01-10,03458,12-17,4,5
2023-01-10,03458,18-59,4,13
2023-01-10,03458,60+,4,16
2023-01-10,03458,60+,5,7
2023-01-10,03459,18-59,1,5
2023-01-10,03459,18-59,3,7
2023-01-10,03459,18-59,4,44
2023-01-10,03459,18-59,5,10
2023-01-10,03459,60+,3,5
2023-01-10,03459,60+,4,99
2023-01-10,03459,60+,5,54
2023-01-10,03460,18-59,3,6
2023-01-10,03460,18-59,4,25
2023-01-10,03460,18-59,5,6
2023-01-10,03460,60+,4,18
2023-01-10,03460,60+,5,12
2023-01-10,03461,18-59,4,8
2023-01-10,03461,60+,4,15
2023-01-10,03461,60+,5,13
2023-01-10,03462,18-59,4,5
2023-01-10,03462,60+,4,7
2023-01-10,03462,60+,5,5
2023-01-10,04011,18-59,1,8
2023-01-10,04011,18-59,3,10
2023-01-10,04011,18-59,4,76
2023-01-10,04011,18-59,5,16
2023-01-10,04011,60+,1,5
2023-01-10,04011,60+,4,73
2023-01-10,04011,60+,5,91
2023-01-10,04012,18-59,4,14
2023-01-10,04012,60+,4,27
2023-01-10,04012,60+,5,13
2023-01-10,05111,18-59,3,21
2023-01-10,05111,18-59,4,37
2023-01-10,05111,18-59,5,8
2023-01-10,05111,60+,3,9
2023-01-10,05111,60+,4,51
2023-01-10,05111,60+,5,29
2023-01-10,05112,18-59,4,14
2023-01-10,05112,18-59,5,9
2023-01-10,05112,18-59,6,6
2023-01-10,05112,60+,3,5
2023-01-10,05112,60+,4,32
2023-01-10,05112,60+,5,25
2023-01-10,05112,60+,6,14
2023-01-10,05113,18-59,2,6
2023-01-10,05113,18-59,3,9
2023-01-10,05113,18-59,4,27
2023-01-10,05113,18-59,5,11
2023-01-10,05113,18-59,6,8
2023-01-10,05113,60+,2,5
2023-01-10,05113,60+,4,42
2023-01-10,05113,60+,5,41
2023-01-10,05113,60+,6,9
2023-01-10,05114,18-59,4,6
2023-01-10,05114,18-59,5,6
2023-01-10,05114,60+,1,6
2023-01-10,05114,60+,4,22
2023-01-10,05114,60+,5,18
2023-01-10,05114,60+,6,6
2023-01-10,05116,12-17,2,5
2023-01-10,05116,18-59,3,8
2023-01-10,05116,18-59,4,25
2023-01-10,05116,60+,3,10
2023-01-10,05116,60+,4,55
2023-01-10,05116,60+,5,26
2023-01-10,05117,18-59,2,6
2023-01-10,05117,18-59,4,13
2023-01-10,05117,18-59,5,7
2023-01-10,05117,60+,4,20
2023-01-10,05117,60+,5,15
2023-01-10,05119,12-17,3,5
2023-01-10,05119,18-59,3,7
2023-01-10,05119,18-59,4,25
2023-01-10,05119,18-59,5,11
2023-01-10,05119,60+,4,28
2023-01-10,05119,60+,5,35
2023-01-10,05120,18-59,4,10
2023-01-10,05120,18-59,5,6
2023-01-10,05120,60+,4,5
2023-01-10,05120,60+,5,9
2023-01-10,05122,18-59,4,15
2023-01-10,05122,18-59,6,23
2023-01-10,05122,60+,4,18
2023-01-10,05122,60+,5,6
2023-01-10,05122,60+,6,16
2023-01-10,05124,12-17,3,9
2023-01-10,05124,18-59,3,6
2023-01-10,05124,18-59,4,21
2023-01-10,05124,18-59,5,5
2023-01-10,05124,60+,4,25
2023-01-10,05124,60+,5,12
2023-01-10,05154,00-04,11,5
2023-01-10,05154,18-59,4,7
2023-01-10,05154,60+,4,26
2023-01-10,05154,60+,5,13
2023-01-10,05154,60+,6,11
2023-01-10,05158,18-59,3,6
2023-01-10,05158,18-59,4,27
2023-01-10,05158,18-59,5,12
2023-01-10,05158,60+,4,44
2023-01-10,05158,60+,5,57
2023-01-10,05158,60+,6,7
2023-01-10,05162,18-59,2,5
2023-01-10,05162,18-59,4,15
2023-01-10,05162,18-59,5,15
2023-01-10,05162,60+,4,25
2023-01-10,05162,60+,5,34
2023-01-10,05162,60+,6,12
2023-01-10,05166,12-17,3,6
2023-01-10,05166,18-59,4,15
2023-01-10,05166,18-59,5,5
2023-01-10,05166,60+,1,5
2023-01-10,05166,60+,4,18
2023-01-10,05166,60+,5,22
2023-01-10,05170,18-59,3,8
2023-01-10,05170,18-59,4,39
2023-01-10,05170,18-59,5,16
2023-01-10,05170,60+,4,70
2023-01-10,05170,60+,5,45
2023-01-10,05170,60+,6,12
2023-01-10,05314,05-11,1,6
2023-01-10,05314,18-59,3,5
2023-01-10,05314,18-59,4,26
2023-01-10,05314,18-59,5,9
2023-01-10,05314,18-59,6,11
2023-01-10,05314,60+,3,5
2023-01-10,05314,60+,4,33
2023-01-10,05314,60+,5,40
2023-01-10,05314,60+,6,20
2023-01-10,05315,18-59,2,6
2023-01-10,05315,18-59,3,6
2023-01-10,05315,18-59,4,84
2023-01-10,05315,18-59,5,17
2023-01-10,05315,18-59,6,18
2023-01-10,05315,60+,4,76
2023-01-10,05315,60+,5,50
2023-01-10,05315,60+,6,39
2023-01-10,05316,18-59,3,5
2023-01-10,05316,18-59,4,5
2023-01-10,05316,60+,4,10
2023-01-10,05316,60+,5,15
2023-01-10,05334,18-59,3,8
2023-01-10,05334,18-59,4,49
2023-01-10,05334,18-59,5,7
2023-01-10,05334,60+,3,7
2023-01-10,05334,60+,4,43
2023-01-10,05334,60+,5,45
2023-01-10,05334,60+,6,5
2023-01-10,05358,18-59,2,5
2023-01-10,05358,18-59,4,17
2023-01-10,05358,18-59,6,9
2023-01-10,05358,60+,3,8
2023-01-10,05358,60+,4,22
2023-01-10,05358,60+,5,19
2023-01-10,05362,18-59,4,30
2023-01-10,05362,18-59,5,6
2023-01-10,05362,18-59,6,18
2023-01-10,05362,60+,4,29
2023-01-10,05362,60+,5,33
2023-01-10,05362,60+,6,17
2023-01-10,05366,18-59,4,26
2023-01-10,05366,18-59,5,56
2023-01-10,05366,60+,4,25
2023-01-10,05366,60+,5,34
2023-01-10,05370,18-59,4,15
2023-01-10,05370,18-59,5,6
2023-01-10,05370,60+,4,28
2023-01-10,05370,60+,5,7
2023-01-10,05370,60+,6,8
2023-01-10,05374,18-59,2,5
2023-01-10,05374,18-59,4,21
2023-01-10,05374,18-59,5,7
2023-01-10,05374,60+,4,35
2023-01-10,05374,60+,5,20
2023-01-10,05374,60+,6,5
2023-01-10,05378,18-59,4,32
2023-01-10,05378,60+,4,72
2023-01-10,05378,60+,5,48
2023-01-10,05378,60+,6,8
2023-01-10,05382,18-59,3,16
2023-01-10,05382,18-59,4,85
2023-01-10,05382,18-59,5,8
2023-01-10,05382,60+,2,5
2023-01-10,05382,60+,4,154
2023-01-10,05382,60+,5,79
2023-01-10,05512,18-59,5,8
2023-01-10,05512,60+,4,18
2023-01-10,05512,60+,5,13
2023-01-10,05513,18-59,2,5
2023-01-10,05513,18-59,4,20
2023-01-10,05513,18-59,5,8
2023-01-10,05513,60+,4,37
2023-01-10,05513,60+,5,50
2023-01-10,05515,05-11,2,7
2023-01-10,05515,12-17,3,6
2023-01-10,05515,18-59,3,11
2023-01-10,05515,18-59,4,77
2023-01-10,05515,18-59,5,16
2023-01-10,05515,60+,4,53
2023-01-10,05515,60+,5,54
2023-01-10,05554,18-59,2,5
2023-01-10,05554,18-59,4,19
2023-01-10,05554,60+,4,35
2023-01-10,05554,60+,5,8
2023-01-10,05558,12-17,4,6
2023-01-10,05558,18-59,4,51
2023-01-10,05558,18-59,5,10
2023-01-10,05558,60+,3,5
2023-01-10,05558,60+,4,34
2023-01-10,05558,60+,5,44
2023-01-10,05562,18-59,2,6
2023-01-10,05562,18-59,4,53
2023-01-10,05562,18-59,5,12
2023-01-10,05562,60+,1,5
2023-01-10,05562,60+,3,5
2023-01-10,05562,60+,4,120
2023-01-10,05562,60+,5,71
2023-01-10,05566,05-11,4,5
2023-01-10,05566,18-59,3,14
2023-01-10,05566,18-59,4,76
2023-01-10,05566,18-59,5,32
2023-01-10,05566,60+,4,57
2023-01-10,05566,60+,5,45
2023-01-10,05570,18-59,4,35
2023-01-10,05570,18-59,5,16
2023-01-10,05570,60+,4,48
2023-01-10,05570,60+,5,52
2023-01-10,05711,05-11,4,6
2023-01-10,05711,18-59,4,30
2023-01-10,05711,18-59,5,5
2023-01-10,05711,60+,4,31
2023-01-10,05711,60+,5,41
2023-01-10,05754,18-59,3,8
2023-01-10,05754,18-59,4,31
2023-01-10,05754,18-59,5,5
2023-01-10,05754,60+,4,141
2023-01-10,05754,60+,5,39
2023-01-10,05758,18-59,3,8
2023-01-10,05758,18-59,4,26
2023-01-10,05758,18-59,5,15
2023-01-10,05758,60+,4,39
2023-01-10,05758,60+,5,31
2023-01-10,05762,18-59,4,12
2023-01-10,05762,18-59,5,5
2023-01-10,05762,60+,4,44
2023-01-10,05762,60+,5,19
2023-01-10,05766,12-17,3,5
2023-01-10,05766,18-59,3,6
2023-01-10,05766,18-59,4,35
2023-01-10,05766,18-59,5,5
2023-01-10,05766,60+,4,56
2023-01-10,05766,60+,5,33
2023-01-10,05770,18-59,3,8
2023-01-10,05770,18-59,4,36
2023-01-10,05770,18-59,5,7
2023-01-10,05770,60+,3,6
2023-01-10,05770,60+,4,48
2023-01-10,05770,60+,5,29
2023-01-10,05774,18-59,4,18
2023-01-10,05774,18-59,5,7
2023-01-10,05774,60+,4,34
2023-01-10,05774,60+,5,6
2023-01-10,05911,05-11,4,9
2023-01-10,05911,18-59,4,59
2023-01-10,05911,18-59,5,11
2023-01-10,05911,18-59,6,6
2023-01-10,05911,60+,4,75
2023-01-10,05911,60+,5,53
2023-01-10,05913,18-59,2,5
2023-01-10,05913,18-59,4,57
2023-01-10,05913,18-59,5,13
2023-01-10,05913,60+,4,56
2023-01-10,05913,60+,5,44
2023-01-10,05914,18-59,4,7
2023-01-10,05914,60+,4,14
2023-01-10,05914,60+,5,8
2023-01-10,05915,18-59,4,5
2023-01-10,05915,60+,3,5
2023-01-10,05915,60+,4,10
2023-01-10,05915,60+,5,25
2023-01-10,05916,18-59,4,7
2023-01-10,05916,60+,5,5
2023-01-10,05954,12-17,3,5
2023-01-10,05954,18-59,2,6
2023-01-10,05954,18-59,3,6
2023-01-10,05954,18-59,4,21
2023-01-10,05954,18-59,5,5
2023-01-10,05954,60+,3,7
2023-01-10,05954,60+,4,41
2023-01-10,05954,60+,5,31
2023-01-10,05958,18-59,4,19
2023-01-10,05958,18-59,5,14
2023-01-10,05958,60+,4,48
2023-01-10,05958,60+,5,14
2023-01-10,05962,18-59,4,28
2023-01-10,05962,60+,3,5
2023-01-10,05962,60+,4,38
2023-01-10,05962,60+,5,26
2023-01-10,05966,18-59,4,14
2023-01-10,05966,18-59,5,6
2023-01-10,05966,60+,4,16
2023-01-10,05966,60+,5,17
2023-01-10,05970,18-59,3,10
2023-01-10,05970,18-59,4,35
2023-01-10,05970,18-59,5,9
2023-01-10,05970,60+,3,8
2023-01-10,05970,60+,4,39
2023-01-10,05970,60+,5,44
2023-01-10,05974,18-59,4,5
2023-01-10,05974,60+,4,7
2023-01-10,05974,60+,5,5
2023-01-10,05978,18-59,3,7
2023-01-10,05978,18-59,4,23
2023-01-10,05978,60+,4,39
2023-01-10,05978,60+,5,33
2023-01-10,06411,12-17,3,5
2023-01-10,06411,18-59,3,6
2023-01-10,06411,18-59,4,30
2023-01-10,06411,60+,4,32
2023-01-10,06411,60+,5,29
2023-01-10,06412,05-11,3,9
2023-01-10,06412,05-11,4,12
2023-01-10,06412,12-17,4,5
2023-01-10,06412,18-59,3,14
2023-01-10,06412,18-59,4,102
2023-01-10,06412,18-59,5,25
2023-01-10,06412,60+,2,5
2023-01-10,06412,60+,3,9
2023-01-10,06412,60+,4,124
2023-01-10,06412,60+,5,52
2023-01-10,06413,18-59,4,7
2023-01-10,06413,18-59,5,5
2023-01-10,06413,60+,3,5
2023-01-10,06413,60+,4,8
2023-01-10,06413,60+,5,12
2023-01-10,06414,05-11,1,5
2023-01-10,06414,18-59,3,6
2023-01-10,06414,18-59,4,20
2023-01-10,06414,60+,4,15
2023-01-10,06414,60+,5,17
2023-01-10,06431,18-59,4,17
2023-01-10,06431,60+,1,5
2023-01-10,06431,60+,3,7
2023-01-10,06431,60+,4,50
2023-01-10,06431,60+,5,24
2023-01-10,06432,18-59,3,6
2023-01-10,06432,18-59,4,42
2023-01-10,06432,18-59,5,69
2023-01-10,06432,18-59,6,17
2023-01-10,06432,60+,3,5
2023-01-10,06432,60+,4,50
2023-01-10,06432,60+,5,90
2023-01-10,06432,60+,6,8
2023-01-10,06433,05-11,5,9
2023-01-10,06433,18-59,4,17
2023-01-10,06433,18-59,5,11
2023-01-10,06433,60+,4,36
2023-01-10,06433,60+,5,14
2023-01-10,06434,18-59,3,5
2023-01-10,06434,18-59,4,15
2023-01-10,06434,60+,4,9
2023-01-10,06434,60+,5,16
2023-01-10,06435,18-59,1,6
2023-01-10,06435,18-59,2,10
2023-01-10,06435,18-59,4,22
2023-01-10,06435,18-59,5,11
2023-01-10,06435,60+,4,49
2023-01-10,06435,60+,5,29
2023-01-10,06436,18-59,4,23
2023-01-10,06436,18-59,5,6
2023-01-10,06436,60+,4,35
2023-01-10,06436,60+,5,29
2023-01-10,06437,12-17,3,5
2023-01-10,06437,18-59,4,12
2023-01-10,06437,18-59,5,5
2023-01-10,06437,60+,4,28
2023-01-10,06437,60+,5,13
2023-01-10,06438,05-11,4,5
2023-01-10,06438,18-59,4,44
2023-01-10,06438,18-59,5,8
2023-01-10,06438,60+,4,41
2023-01-10,06438,60+,5,25
2023-01-10,06439,18-59,4,10
2023-01-10,06439,18-59,5,5
2023-01-10,06439,60+,4,7
2023-01-10,06439,60+,5,7
2023-01-10,06440,18-59,4,8
2023-01-10,06440,60+,3,5
2023-01-10,06440,60+,4,15
2023-01-10,06440,60+,5,17
2023-01-10,06531,05-11,1,29
2023-01-10,06531,05-11,3,5
2023-01-10,06531,18-59,4,17
2023-01-10,06531,60+,4,56
2023-01-10,06531,60+,5,26
2023-01-10,06532,18-59,4,22
2023-01-10,06532,18-59,5,7
2023-01-10,06532,60+,4,46
2023-01-10,06532,60+,5,26
2023-01-10,06533,18-59,4,15
2023-01-10,06533,60+,4,17
2023-01-10,06533,60+,5,9
2023-01-10,06534,05-11,2,7
2023-01-10,06534,18-59,4,17
2023-01-10,06534,18-59,5,8
2023-01-10,06534,60+,4,20
2023-01-10,06534,60+,5,26
2023-01-10,06535,18-59,3,7
2023-01-10,06535,18-59,5,5
2023-01-10,06535,60+,4,27
2023-01-10,06611,18-59,4,6
2023-01-10,06611,18-59,5,7
2023-01-10,06611,60+,4,14
2023-01-10,06611,60+,5,11
2023-01-10,06631,12-17,4,7
2023-01-10,06631,18-59,4,19
2023-01-10,06631,60+,3,5
2023-01-10,06631,60+,4,38
2023-01-10,06631,60+,5,16
2023-01-10,06632,18-59,4,7
2023-01-10,06632,60+,1,5
2023-01-10,06632,60+,4,10
2023-01-10,06633,05-11,4,8
2023-01-10,06633,18-59,4,9
2023-01-10,06633,60+,4,24
2023-01-10,06633,60+,5,19
2023-01-10,06634,18-59,4,16
2023-01-10,06634,60+,4,31
2023-01-10,06634,60+,5,5
2023-01-10,06635,18-59,4,17
2023-01-10,06635,18-59,5,10
2023-01-10,06635,60+,4,32
2023-01-10,06635,60+,5,22
2023-01-10,06636,60+,3,5
2023-01-10,07111,18-59,4,35
2023-01-10,07111,18-59,5,85
2023-01-10,07111,60+,2,6
2023-01-10,07111,60+,3,5
2023-01-10,07111,60+,4,7
2023-01-10,07111,60+,5,18
2023-01-10,07131,18-59,4,5
2023-01-10,07131,60+,4,9
2023-01-10,07131,60+,5,9
2023-01-10,07132,18-59,4,7
2023-01-10,07132,60+,4,10
2023-01-10,07132,60+,5,5
2023-01-10,07133,18-59,3,5
2023-01-10,07133,18-59,4,7
2023-01-10,07133,18-59,5,8
2023-01-10,07133,60+,4,16
2023-01-10,07133,60+,5,13
2023-01-10,07133,60+,6,13
2023-01-10,07134,60+,4,11
2023-01-10,07134,60+,5,13
2023-01-10,07135,18-59,4,11
2023-01-10,07135,60+,4,15
2023-01-10,07135,60+,5,12
2023-01-10,07137,18-59,4,19
2023-01-10,07137,18-59,5,6
2023-01-10,07137,60+,4,42
2023-01-10,07137,60+,5,10
2023-01-10,07138,18-59,4,22
2023-01-10,07138,18-59,5,7
2023-01-10,07138,60+,4,25
2023-01-10,07138,60+,5,18
2023-01-10,07140,18-59,3,5
2023-01-10,07140,18-59,4,6
2023-01-10,07140,60+,4,17
2023-01-10,07140,60+,5,6
2023-01-10,07141,60+,3,5
2023-01-10,07141,60+,5,6
2023-01-10,07143,18-59,4,6
2023-01-10,07143,60+,4,16
2023-01-10,07143,60+,5,6
2023-01-10,07211,18-59,4,5
2023-01-10,07211,60+,4,21
2023-01-10,07231,60+,4,11
2023-01-10,07231,60+,5,11
2023-01-10,07232,60+,4,5
2023-01-10,07233,60+,5,8
2023-01-10,07235,60+,4,6
2023-01-10,07312,18-59,4,7
2023-01-10,07312,60+,4,15
2023-01-10,07312,60+,5,9
2023-01-10,07314,12-17,3,5
2023-01-10,07314,18-59,4,10
2023-01-10,07314,60+,4,12
2023-01-10,07314,60+,5,6
2023-01-10,07315,18-59,4,49
2023-01-10,07315,60+,4,56
2023-01-10,07315,60+,5,44
2023-01-10,07316,18-59,4,9
2023-01-10,07316,60+,4,7
2023-01-10,07316,60+,5,7
2023-01-10,07317,60+,4,7
2023-01-10,07318,18-59,4,5
2023-01-10,07318,60+,4,11
2023-01-10,07318,60+,5,10
2023-01-10,07320,18-59,3,5
2023-01-10,07320,18-59,4,6
2023-01-10,07320,60+,4,5
2023-01-10,07331,18-59,4,8
2023-01-10,07331,60+,4,15
2023-01-10,07332,60+,4,8
2023-01-10,07332,60+,5,13
2023-01-10,07333,18-59,3,6
2023-01-10,07333,18-59,4,8
2023-01-10,07333,18-59,5,6
2023-01-10,07333,60+,4,11
2023-01-10,07333,60+,5,22
2023-01-10,07334,18-59,4,10
2023-01-10,07334,60+,4,12
2023-01-10,07335,18-59,4,12
2023-01-10,07335,18-59,5,5
2023-01-10,07335,60+,4,28
2023-01-10,07335,60+,5,8
2023-01-10,07336,18-59,4,6
2023-01-10,07336,60+,4,20
2023-01-10,07336,60+,5,7
2023-01-10,07337,18-59,4,6
2023-01-10,07337,60+,3,5
2023-01-10,07337,60+,4,27
2023-01-10,07338,18-59,3,6
2023-01-10,07338,18-59,4,22
2023-01-10,07338,60+,4,39
2023-01-10,07338,60+,5,26
2023-01-10,07339,18-59,4,16
2023-01-10,07339,18-59,5,5
2023-01-10,07339,60+,3,5
2023-01-10,07339,60+,4,21
2023-01-10,07339,60+,5,13
2023-01-10,07340,18-59,4,6
2023-01-10,07340,18-59,5,8
2023-01-10,07340,60+,4,8
2023-01-10,07340,60+,5,6
2023-01-10,08111,00-04,1,5
2023-01-10,08111,18-59,2,6
2023-01-10,08111,18-59,3,23
2023-01-10,08111,18-59,4,88
2023-01-10,08111,18-59,5,12
2023-01-10,08111,60+,3,5
2023-01-10,08111,60+,4,67
2023-01-10,08111,60+,5,60
2023-01-10,08115,18-59,4,31
2023-01-10,08115,18-59,5,18
2023-01-10,08115,60+,4,52
2023-01-10,08115,60+,5,29
2023-01-10,08116,18-59,3,9
2023-01-10,08116,18-59,4,21
2023-01-10,08116,18-59,5,10
2023-01-10,08116,60+,1,6
2023-01-10,08116,60+,4,39
2023-01-10,08116,60+,5,14
2023-01-10,08117,18-59,4,9
2023-01-10,08118,18-59,2,5
2023-01-10,08118,18-59,4,18
2023-01-10,08118,18-59,5,7
2023-01-10,08118,60+,4,31
2023-01-10,08118,60+,5,7
2023-01-10,08119,18-59,4,16
2023-01-10,08119,60+,4,39
2023-01-10,08119,60+,5,29
2023-01-10,08121,18-59,4,13
2023-01-10,08121,60+,4,12
2023-01-10,08121,60+,5,6
2023-01-10,08125,18-59,4,9
2023-01-10,08125,60+,4,15
2023-01-10,08125,60+,5,8
2023-01-10,08126,60+,4,6
2023-01-10,08127,18-59,2,5
2023-01-10,08127,18-59,4,8
2023-01-10,08127,60+,4,10
2023-01-10,08127,60+,5,5
2023-01-10,08128,05-11,1,6
2023-01-10,08128,18-59,4,7
2023-01-10,08128,60+,4,26
2023-01-10,08136,18-59,4,15
2023-01-10,08136,60+,4,18
2023-01-10,08211,18-59,4,16
2023-01-10,08211,60+,4,16
2023-01-10,08212,18-59,3,7
2023-01-10,08212,18-59,4,24
2023-01-10,08212,60+,4,13
2023-01-10,08212,60+,5,14
2023-01-10,08215,05-11,4,10
2023-01-10,08215,05-11,5,5
2023-01-10,08215,12-17,5,9
2023-01-10,08215,18-59,4,35
2023-01-10,08215,18-59,5,6
2023-01-10,08215,60+,3,5
2023-01-10,08215,60+,4,36
2023-01-10,08215,60+,5,18
2023-01-10,08216,18-59,4,9
2023-01-10,08216,60+,4,49
2023-01-10,08216,60+,5,13
2023-01-10,08221,18-59,3,8
2023-01-10,08221,18-59,4,25
2023-01-10,08221,60+,4,9
2023-01-10,08221,60+,5,8
2023-01-10,08222,05-11,4,6
2023-01-10,08222,18-59,3,7
2023-01-10,08222,18-59,4,18
2023-01-10,08222,18-59,5,8
2023-01-10,08222,18-59,6,6
2023-01-10,08222,60+,4,8
2023-01-10,08222,60+,5,12
2023-01-10,08225,18-59,4,7
2023-01-10,08225,60+,4,7
2023-01-10,08225,60+,5,5
2023-01-10,08225,60+,6,5
2023-01-10,08226,18-59,4,18
2023-01-10,08226,60+,4,30
2023-01-10,08226,60+,5,12
2023-01-10,08231,18-59,6,5
2023-01-10,08231,60+,5,7
2023-01-10,08235,60+,4,13
2023-01-10,08236,18-59,4,9
2023-01-10,08236,60+,4,15
2023-01-10,08237,18-59,4,10
2023-01-10,08237,18-59,5,7
2023-01-10,08237,60+,4,14
2023-01-10,08237,60+,5,8
2023-01-10,08311,05-11,1,5
2023-01-10,08311,18-59,4,10
2023-01-10,08311,18-59,5,5
2023-01-10,08311,60+,4,12
2023-01-10,08311,60+,5,5
2023-01-10,08315,60+,4,12
2023-01-10,08315,60+,5,6
2023-01-10,08316,60+,3,6
2023-01-10,08316,60+,4,13
2023-01-10,08316,60+,5,6
2023-01-10,08317,18-59,2,6
2023-01-10,08317,18-59,3,7
2023-01-10,08317,18-59,4,24
2023-01-10,08317,60+,2,5
2023-01-10,08317,60+,4,43
2023-01-10,08317,60+,5,17
2023-01-10,08325,18-59,4,7
2023-01-10,08326,18-59,4,15
2023-01-10,08326,60+,4,34
2023-01-10,08326,60+,5,7
2023-01-10,08327,18-59,3,7
2023-01-10,08327,18-59,4,5
2023-01-10,08335,18-59,1,29
2023-01-10,08335,18-59,2,28
2023-01-10,08335,18-59,3,32
2023-01-10,08335,18-59,4,24
2023-01-10,08335,60+,1,42
2023-01-10,08335,60+,2,41
2023-01-10,08335,60+,3,39
2023-01-10,08335,60+,4,41
2023-01-10,08335,60+,5,9
2023-01-10,08336,18-59,4,24
2023-01-10,08336,18-59,5,7
2023-01-10,08336,60+,4,16
2023-01-10,08336,60+,5,13
2023-01-10,08415,18-59,3,5
2023-01-10,08415,18-59,4,10
2023-01-10,08415,60+,4,20
2023-01-10,08416,18-59,4,9
2023-01-10,08416,60+,4,16
2023-01-10,08416,60+,5,5
2023-01-10,08417,60+,4,11
2023-01-10,08417,60+,5,7
2023-01-10,08421,05-11,3,5
2023-01-10,08421,05-11,4,8
2023-01-10,08421,18-59,4,7
2023-01-10,08426,18-59,4,12
2023-01-10,08426,60+,4,15
2023-01-10,08435,18-59,4,6
2023-01-10,08435,60+,4,21
2023-01-10,08435,60+,5,7
2023-01-10,08436,18-59,4,10
2023-01-10,08436,60+,4,20
2023-01-10,08437,60+,4,15
2023-01-10,08437,60+,5,8
2023-01-10,09161,60+,4,9
2023-01-10,09162,00-04,11,6
2023-01-10,09162,05-11,1,13
2023-01-10,09162,05-11,2,11
2023-01-10,09162,05-11,3,8
2023-01-10,09162,05-11,4,5
2023-01-10,09162,12-17,1,6
2023-01-10,09162,12-17,2,6
2023-01-10,09162,12-17,3,8
2023-01-10,09162,18-59,1,6
2023-01-10,09162,18-59,2,5
2023-01-10,09162,18-59,3,31
2023-01-10,09162,18-59,4,138
2023-01-10,09162,18-59,5,15
2023-01-10,09162,60+,3,5
2023-01-10,09162,60+,4,64
2023-01-10,09162,60+,5,32
2023-01-10,09162,60+,6,5
2023-01-10,09172,18-59,4,7
2023-01-10,09172,60+,4,8
2023-01-10,09173,60+,4,6
2023-01-10,09174,18-59,4,11
2023-01-10,09174,18-59,5,6
2023-01-10,09174,60+,4,15
2023-01-10,09175,18-59,4,6
2023-01-10,09175,60+,4,10
2023-01-10,09176,18-59,4,7
2023-01-10,09176,18-59,5,5
2023-01-10,09176,60+,4,18
2023-01-10,09177,60+,4,5
2023-01-10,09178,60+,4,10
2023-01-10,09179,18-59,4,8
2023-01-10,09179,18-59,5,7
2023-01-10,09179,60+,4,24
2023-01-10,09179,60+,5,11
2023-01-10,09180,60+,5,14
2023-01-10,09181,18-59,4,8
2023-01-10,09181,60+,4,13
2023-01-10,09182,60+,4,6
2023-01-10,09183,18-59,4,11
2023-01-10,09183,60+,4,6
2023-01-10,09183,60+,5,6
2023-01-10,09184,18-59,4,16
2023-01-10,09184,60+,4,20
2023-01-10,09184,60+,5,10
2023-01-10,09185,60+,5,5
2023-01-10,09186,18-59,4,6
2023-01-10,09187,18-59,3,6
2023-01-10,09187,18-59,4,14
2023-01-10,09187,18-59,5,5
2023-01-10,09187,60+,4,39
2023-01-10,09187,60+,5,11
2023-01-10,09188,18-59,3,6
2023-01-10,09188,60+,4,5
2023-01-10,09189,60+,4,9
2023-01-10,09189,60+,5,5
2023-01-10,09190,18-59,1,5
2023-01-10,09190,18-59,4,8
2023-01-10,09190,18-59,5,5
2023-01-10,09190,60+,3,5
2023-01-10,09190,60+,4,16
2023-01-10,09262,18-59,4,5
2023-01-10,09262,60+,4,13
2023-01-10,09262,60+,5,8
2023-01-10,09263,60+,4,7
2023-01-10,09271,18-59,4,10
2023-01-10,09271,60+,4,17
2023-01-10,09273,60+,4,14
2023-01-10,09274,18-59,4,7
2023-01-10,09274,18-59,5,6
2023-01-10,09274,60+,4,5
2023-01-10,09275,18-59,3,5
2023-01-10,09275,18-59,4,10
2023-01-10,09275,18-59,5,5
2023-01-10,09275,60+,4,15
2023-01-10,09275,60+,5,15
2023-01-10,09277,60+,4,13
2023-01-10,09277,60+,5,5
2023-01-10,09278,60+,4,6
2023-01-10,09279,18-59,4,5
2023-01-10,09279,60+,4,6
2023-01-10,09361,18-59,3,5
2023-01-10,09362,18-59,4,22
2023-01-10,09362,18-59,5,5
2023-01-10,09362,60+,4,10
2023-01-10,09362,60+,5,5
2023-01-10,09371,60+,4,5
2023-01-10,09372,18-59,4,5
2023-01-10,09372,60+,4,5
2023-01-10,09373,18-59,3,6
2023-01-10,09373,18-59,4,5
2023-01-10,09373,60+,4,6
2023-01-10,09374,18-59,2,6
2023-01-10,09374,18-59,4,9
2023-01-10,09374,60+,4,8
2023-01-10,09374,60+,5,5
2023-01-10,09375,18-59,4,5
2023-01-10,09375,60+,4,22
2023-01-10,09377,60+,4,6
2023-01-10,09462,18-59,3,5
2023-01-10,09462,18-59,4,5
2023-01-10,09462,60+,4,18
2023-01-10,09463,18-59,4,6
2023-01-10,09463,60+,4,8
2023-01-10,09463,60+,5,10
2023-01-10,09464,18-59,4,5
2023-01-10,09464,60+,4,7
2023-01-10,09471,18-59,4,8
2023-01-10,09471,18-59,5,6
2023-01-10,09471,60+,4,14
2023-01-10,09471,60+,5,6
2023-01-10,09472,60+,4,6
2023-01-10,09473,18-59,3,7
2023-01-10,09473,18-59,4,7
2023-01-10,09474,18-59,4,5
2023-01-10,09474,60+,4,10
2023-01-10,09475,18-59,4,8
2023-01-10,09475,60+,4,12
2023-01-10,09476,18-59,4,5
2023-01-10,09476,60+,4,5
2023-01-10,09477,60+,4,13
2023-01-10,09479,18-59,5,5
2023-01-10,09479,60+,4,9
2023-01-10,09562,18-59,4,7
2023-01-10,09562,18-59,5,5
2023-01-10,09562,60+,4,11
2023-01-10,09562,60+,5,10
2023-01-10,09563,18-59,4,10
2023-01-10,09563,60+,4,19
2023-01-10,09564,18-59,4,16
2023-01-10,09564,60+,3,5
2023-01-10,09564,60+,4,24
2023-01-10,09564,60+,5,21
2023-01-10,09565,60+,4,5
2023-01-10,09565,60+,5,8
2023-01-10,09571,60+,4,13
2023-01-10,09571,60+,5,9
2023-01-10,09572,18-59,4,7
2023-01-10,09572,60+,4,12
2023-01-10,09573,18-59,4,8
2023-01-10,09573,60+,3,5
2023-01-10,09573,60+,4,14
2023-01-10,09574,18-59,4,11
2023-01-10,09574,60+,4,23
2023-01-10,09574,60+,5,5
2023-01-10,09575,60+,4,8
2023-01-10,09576,60+,4,13
2023-01-10,09576,60+,5,12
2023-01-10,09577,18-59,5,5
2023-01-10,09577,60+,4,5
2023-01-10,09577,60+,5,10
2023-01-10,09661,12-17,3,5
2023-01-10,09661,60+,4,7
2023-01-10,09661,60+,5,9
2023-01-10,09663,18-59,4,5
2023-01-10,09671,18-59,4,6
2023-01-10,09671,18-59,5,5
2023-01-10,09671,60+,4,10
2023-01-10,09671,60+,5,7
2023-01-10,09673,60+,4,6
2023-01-10,09675,60+,1,5
2023-01-10,09675,60+,4,14
2023-01-10,09676,18-59,3,5
2023-01-10,09676,18-59,4,12
2023-01-10,09676,60+,4,11
2023-01-10,09677,18-59,4,5
2023-01-10,09677,60+,4,22
2023-01-10,09677,60+,5,8
2023-01-10,09678,18-59,5,5
2023-01-10,09678,60+,4,17
2023-01-10,09678,60+,5,9
2023-01-10,09679,60+,4,9
2023-01-10,09679,60+,5,8
2023-01-10,09761,18-59,4,8
2023-01-10,09761,18-59,5,5
2023-01-10,09761,60+,4,9
2023-01-10,09761,60+,5,8
2023-01-10,09762,60+,5,6
2023-01-10,09764,18-59,4,6
2023-01-10,09764,60+,5,6
2023-01-10,09772,18-59,2,5
2023-01-10,09772,18-59,4,20
2023-01-10,09772,60+,4,25
2023-01-10,09775,18-59,4,6
2023-01-10,09775,60+,2,5
2023-01-10,09775,60+,4,17
2023-01-10,09776,60+,4,10
2023-01-10,09777,60+,4,12
2023-01-10,09777,60+,5,5
2023-01-10,09778,60+,2,6
2023-01-10,09778,60+,4,5
2023-01-10,09779,18-59,4,7
2023-01-10,09779,60+,4,13
2023-01-10,09779,60+,5,8
2023-01-10,09780,60+,3,7
2023-01-10,09780,60+,4,12
2023-01-10,10041,18-59,4,21
2023-01-10,10041,18-59,6,5
2023-01-10,10041,60+,4,33
2023-01-10,10041,60+,5,12
2023-01-10,10043,18-59,3,8
2023-01-10,10043,18-59,4,13
2023-01-10,10043,18-59,5,5
2023-01-10,10043,60+,4,5
2023-01-10,10043,60+,5,7
2023-01-10,10044,18-59,4,5
2023-01-10,10044,60+,4,27
2023-01-10,10045,18-59,4,6
2023-01-10,10045,60+,4,13
2023-01-10,10045,60+,5,12
2023-01-10,10046,18-59,4,16
2023-01-10,10046,60+,4,12
2023-01-10,10046,60+,5,7
2023-01-10,11000,00-04,1,16
2023-01-10,11000,00-04,11,5
2023-01-10,11000,05-11,1,12
2023-01-10,11000,05-11,2,6
2023-01-10,11000,05-11,3,6
2023-01-10,11000,12-17,3,8
2023-01-10,11000,12-17,4,5
2023-01-10,11000,12-17,5,5
2023-01-10,11000,18-59,2,12
2023-01-10,11000,18-59,3,78
2023-01-10,11000,18-59,4,726
2023-01-10,11000,18-59,5,58
2023-01-10,11000,18-59,6,13
2023-01-10,11000,60+,1,5
2023-01-10,11000,60+,2,6
2023-01-10,11000,60+,3,17
2023-01-10,11000,60+,4,476
2023-01-10,11000,60+,5,260
2023-01-10,11000,60+,6,13
2023-01-10,12051,18-59,3,10
2023-01-10,12051,18-59,4,51
2023-01-10,12051,18-59,5,7
2023-01-10,12051,60+,4,10
2023-01-10,12051,60+,5,8
2023-01-10,12052,18-59,4,8
2023-01-10,12052,60+,4,42
2023-01-10,12052,60+,5,7
2023-01-10,12053,18-59,4,6
2023-01-10,12053,60+,4,15
2023-01-10,12054,18-59,4,17
2023-01-10,12054,60+,4,27
2023-01-10,12060,18-59,4,8
2023-01-10,12060,60+,4,24
2023-01-10,12061,18-59,4,10
2023-01-10,12061,60+,4,11
2023-01-10,12062,18-59,4,11
2023-01-10,12062,60+,4,13
2023-01-10,12063,18-59,1,5
2023-01-10,12063,18-59,4,28
2023-01-10,12063,60+,4,23
2023-01-10,12063,60+,5,7
2023-01-10,12064,18-59,3,5
2023-01-10,12064,18-59,4,15
2023-01-10,12064,60+,4,20
2023-01-10,12064,60+,5,8
2023-01-10,12065,18-59,4,11
2023-01-10,12065,60+,4,40
2023-01-10,12066,18-59,4,10
2023-01-10,12066,60+,4,15
2023-01-10,12066,60+,5,6
2023-01-10,12067,18-59,5,5
2023-01-10,12067,60+,4,37
2023-01-10,12068,18-59,4,6
2023-01-10,12069,18-59,4,6
2023-01-10,12069,18-59,5,6
2023-01-10,12069,60+,4,18
2023-01-10,12069,60+,5,7
2023-01-10,12071,60+,4,10
2023-01-10,12072,18-59,4,20
2023-01-10,12072,60+,3,5
2023-01-10,12072,60+,4,23
2023-01-10,12073,18-59,4,5
2023-01-10,12073,60+,4,8
2023-01-10,13003,18-59,4,7
2023-01-10,13003,60+,4,18
2023-01-10,13003,60+,5,5
2023-01-10,13004,18-59,1,5
2023-01-10,13004,18-59,4,10
2023-01-10,13004,60+,4,18
2023-01-10,13004,60+,5,13
2023-01-10,13071,18-59,3,5
2023-01-10,13071,18-59,4,14
2023-01-10,13071,60+,4,15
2023-01-10,13071,60+,5,7
2023-01-10,13072,18-59,1,5
2023-01-10,13072,18-59,3,9
2023-01-10,13072,18-59,4,17
2023-01-10,13072,18-59,5,6
2023-01-10,13072,60+,3,7
2023-01-10,13072,60+,4,84
2023-01-10,13072,60+,5,23
2023-01-10,13073,18-59,2,7
2023-01-10,13073,18-59,4,12
2023-01-10,13073,60+,4,18
2023-01-10,13073,60+,5,21
2023-01-10,13074,12-17,2,5
2023-01-10,13074,18-59,3,7
2023-01-10,13074,18-59,4,15
2023-01-10,13074,60+,4,16
2023-01-10,13074,60+,5,6
2023-01-10,13075,12-17,4,6
2023-01-10,13075,18-59,4,22
2023-01-10,13075,18-59,5,6
2023-01-10,13075,60+,4,41
2023-01-10,13075,60+,5,8
2023-01-10,13076,18-59,4,8
2023-01-10,13076,18-59,5,5
2023-01-10,13076,60+,3,5
2023-01-10,13076,60+,4,23
2023-01-10,14511,18-59,3,11
2023-01-10,14511,60+,4,34
2023-01-10,14521,18-59,3,6
2023-01-10,14521,60+,3,8
2023-01-10,14521,60+,4,24
2023-01-10,14521,60+,5,12
2023-01-10,14522,12-17,4,25
2023-01-10,14522,18-59,4,21
2023-01-10,14522,60+,1,10
2023-01-10,14522,60+,4,93
2023-01-10,14522,60+,5,6
2023-01-10,14523,18-59,4,11
2023-01-10,14523,60+,4,39
2023-01-10,14523,60+,5,7
2023-01-10,14524,18-59,3,5
2023-01-10,14524,18-59,4,16
2023-01-10,14524,60+,3,5
2023-01-10,14524,60+,4,62
2023-01-10,14524,60+,5,15
2023-01-10,14612,18-59,3,9
2023-01-10,14612,18-59,4,42
2023-01-10,14612,18-59,5,9
2023-01-10,14612,60+,3,8
2023-01-10,14612,60+,4,104
2023-01-10,14612,60+,5,42
2023-01-10,14625,18-59,3,13
2023-01-10,14625,18-59,4,13
2023-01-10,14625,60+,4,58
2023-01-10,14625,60+,5,18
2023-01-10,14626,12-17,3,7
2023-01-10,14626,18-59,4,12
2023-01-10,14626,60+,4,19
2023-01-10,14627,18-59,4,18
2023-01-10,14627,60+,2,5
2023-01-10,14627,60+,4,25
2023-01-10,14627,60+,5,8
2023-01-10,14628,18-59,4,7
2023-01-10,14628,60+,3,7
2023-01-10,14628,60+,4,19
2023-01-10,14713,18-59,3,14
2023-01-10,14713,18-59,4,70
2023-01-10,14713,18-59,5,6
2023-01-10,14713,60+,3,8
2023-01-10,14713,60+,4,93
2023-01-10,14713,60+,5,35
2023-01-10,14729,60+,4,20
2023-01-10,14729,60+,5,9
2023-01-10,14730,05-11,3,6
2023-01-10,14730,18-59,4,13
2023-01-10,14730,60+,4,30
2023-01-10,15001,12-17,2,5
2023-01-10,15001,18-59,2,5
2023-01-10,15001,18-59,3,26
2023-01-10,15001,60+,2,5
2023-01-10,15001,60+,3,140
2023-01-10,15001,60+,4,39
2023-01-10,15002,05-11,2,8
2023-01-10,15002,18-59,2,6
2023-01-10,15002,18-59,4,7
2023-01-10,15002,60+,3,5
2023-01-10,15002,60+,4,13
2023-01-10,15003,18-59,4,21
2023-01-10,15003,60+,4,28
2023-01-10,15003,60+,5,8
2023-01-10,15082,18-59,3,5
2023-01-10,15082,18-59,4,8
2023-01-10,15082,60+,4,33
2023-01-10,15082,60+,5,11
2023-01-10,15083,60+,4,19
2023-01-10,15084,60+,4,12
2023-01-10,15085,18-59,4,6
2023-01-10,15085,18-59,5,5
2023-01-10,15085,60+,4,16
2023-01-10,15085,60+,5,11
2023-01-10,15086,60+,4,5
2023-01-10,15087,18-59,4,9
2023-01-10,15087,60+,4,21
2023-01-10,15088,18-59,3,6
2023-01-10,15088,18-59,4,9
2023-01-10,15088,60+,4,22
2023-01-10,15088,60+,5,8
2023-01-10,15089,18-59,4,19
2023-01-10,15089,60+,4,24
2023-01-10,15090,60+,4,9
2023-01-10,15090,60+,5,6
2023-01-10,15091,60+,4,11
2023-01-10,16051,18-59,4,21
2023-01-10,16051,60+,4,53
2023-01-10,16051,60+,5,13
2023-01-10,16052,60+,4,10
2023-01-10,16053,18-59,4,9
2023-01-10,16053,60+,4,11
2023-01-10,16053,60+,5,7
2023-01-10,16055,60+,5,7
2023-01-10,16061,18-59,4,5
2023-01-10,16061,60+,4,12
2023-01-10,16062,60+,3,5
2023-01-10,16062,60+,4,6
2023-01-10,16064,18-59,2,5
2023-01-10,16064,60+,4,18
2023-01-10,16065,18-59,1,5
2023-01-10,16065,18-59,4,5
2023-01-10,16066,18-59,5,5
2023-01-10,16067,12-17,1,5
2023-01-10,16067,18-59,4,11
2023-01-10,16067,18-59,5,5
2023-01-10,16067,60+,3,5
2023-01-10,16067,60+,4,20
2023-01-10,16068,60+,4,16
2023-01-10,16069,60+,4,6
2023-01-10,16070,18-59,4,5
2023-01-10,16070,60+,4,13
2023-01-10,16071,18-59,4,12
2023-01-10,16071,60+,4,5
2023-01-10,16072,18-59,4,5
2023-01-10,16072,60+,4,8
2023-01-10,16073,60+,4,13
2023-01-10,16074,18-59,3,7
2023-01-10,16075,60+,4,7
2023-01-10,16076,60+,3,5
2023-01-10,16076,60+,4,15
2023-01-10,16077,60+,3,5
2023-01-10,16077,60+,4,31
