date,ags,age_group,stage,new
2022-04-02,01001,18-59,1,5
2022-04-02,01001,18-59,3,19
2022-04-02,01001,18-59,4,8
2022-04-02,01001,60+,4,44
2022-04-02,01002,05-11,2,5
2022-04-02,01002,12-17,3,13
2022-04-02,01002,18-59,2,10
2022-04-02,01002,18-59,3,22
2022-04-02,01002,18-59,4,16
2022-04-02,01002,60+,1,5
2022-04-02,01002,60+,4,76
2022-04-02,01003,12-17,3,8
2022-04-02,01003,18-59,1,8
2022-04-02,01003,18-59,2,16
2022-04-02,01003,18-59,3,43
2022-04-02,01003,18-59,4,18
2022-04-02,01003,60+,1,5
2022-04-02,01003,60+,2,6
2022-04-02,01003,60+,3,12
2022-04-02,01003,60+,4,73
2022-04-02,01003,60+,5,6
2022-04-02,01004,05-11,1,5
2022-04-02,01004,18-59,3,15
2022-04-02,01004,18-59,4,6
2022-04-02,01004,60+,3,5
2022-04-02,01004,60+,4,35
2022-04-02,01051,18-59,1,5
2022-04-02,01051,18-59,2,6
2022-04-02,01051,18-59,3,27
2022-04-02,01051,18-59,4,15
2022-04-02,01051,60+,3,5
2022-04-02,01051,60+,4,82
2022-04-02,01053,05-11,3,5
2022-04-02,01053,12-17,3,6
2022-04-02,01053,18-59,2,5
2022-04-02,01053,18-59,3,17
2022-04-02,01053,18-59,4,5
2022-04-02,01053,60+,2,5
2022-04-02,01053,60+,4,70
2022-04-02,01054,05-11,1,19
2022-04-02,01054,05-11,2,18
2022-04-02,01054,12-17,2,6
2022-04-02,01054,18-59,3,14
2022-04-02,01054,18-59,4,15
2022-04-02,01054,60+,3,6
2022-04-02,01054,60+,4,57
2022-04-02,01055,18-59,3,16
2022-04-02,01055,18-59,4,35
2022-04-02,01055,60+,4,119
2022-04-02,01056,05-11,2,8
2022-04-02,01056,12-17,3,5
2022-04-02,01056,18-59,2,11
2022-04-02,01056,18-59,3,26
2022-04-02,01056,18-59,4,14
2022-04-02,01056,60+,2,5
2022-04-02,01056,60+,3,5
2022-04-02,01056,60+,4,184
2022-04-02,01057,18-59,3,18
2022-04-02,01057,60+,3,5
2022-04-02,01057,60+,4,54
2022-04-02,01058,18-59,3,10
2022-04-02,01058,18-59,4,6
2022-04-02,01058,60+,4,25
2022-04-02,01059,12-17,3,8
2022-04-02,01059,18-59,3,19
2022-04-02,01059,18-59,4,22
2022-04-02,01059,60+,4,133
2022-04-02,01059,60+,5,5
2022-04-02,01060,12-17,3,6
2022-04-02,01060,18-59,2,6
2022-04-02,01060,18-59,3,30
2022-04-02,01060,18-59,4,18
2022-04-02,01060,60+,4,57
2022-04-02,01061,12-17,3,9
2022-04-02,01061,18-59,1,5
2022-04-02,01061,18-59,3,19
2022-04-02,01061,60+,4,31
2022-04-02,01062,12-17,1,7
2022-04-02,01062,12-17,3,15
2022-04-02,01062,12-17,4,5
2022-04-02,01062,18-59,1,9
2022-04-02,01062,18-59,2,10
2022-04-02,01062,18-59,3,47
2022-04-02,01062,18-59,4,18
2022-04-02,01062,60+,2,6
2022-04-02,01062,60+,3,6
2022-04-02,01062,60+,4,176
2022-04-02,02000,05-11,1,11
2022-04-02,02000,05-11,2,38
2022-04-02,02000,12-17,3,20
2022-04-02,02000,18-59,1,10
2022-04-02,02000,18-59,2,23
2022-04-02,02000,18-59,3,128
2022-04-02,02000,18-59,4,17
2022-04-02,02000,60+,1,6
2022-04-02,02000,60+,3,15
2022-04-02,02000,60+,4,75
2022-04-02,03102,05-11,1,5
2022-04-02,03102,05-11,2,13
2022-04-02,03102,18-59,3,8
2022-04-02,03102,60+,4,5
2022-04-02,03103,18-59,3,7
2022-04-02,03103,60+,4,42
2022-04-02,03151,60+,4,5
2022-04-02,03153,18-59,1,5
2022-04-02,03153,18-59,3,5
2022-04-02,03153,18-59,4,18
2022-04-02,03153,60+,4,46
2022-04-02,03155,18-59,3,13
2022-04-02,03155,18-59,4,9
2022-04-02,03155,60+,4,54
2022-04-02,03158,18-59,1,5
2022-04-02,03158,18-59,3,5
2022-04-02,03158,18-59,4,8
2022-04-02,03159,12-17,1,6
2022-04-02,03159,12-17,3,7
2022-04-02,03159,18-59,2,6
2022-04-02,03159,18-59,3,32
2022-04-02,03159,18-59,4,21
2022-04-02,03159,60+,4,96
2022-04-02,03241,05-11,1,14
2022-04-02,03241,05-11,2,28
2022-04-02,03241,12-17,1,5
2022-04-02,03241,18-59,2,6
2022-04-02,03241,18-59,3,58
2022-04-02,03241,18-59,4,38
2022-04-02,03241,60+,4,175
2022-04-02,03252,05-11,1,6
2022-04-02,03252,05-11,2,10
2022-04-02,03252,18-59,1,5
2022-04-02,03254,12-17,3,5
2022-04-02,03254,18-59,2,9
2022-04-02,03254,18-59,3,25
2022-04-02,03254,18-59,4,8
2022-04-02,03254,60+,4,12
2022-04-02,03256,60+,4,11
2022-04-02,03257,18-59,2,11
2022-04-02,03257,18-59,3,14
2022-04-02,03257,18-59,4,5
2022-04-02,03257,60+,2,6
2022-04-02,03257,60+,3,11
2022-04-02,03257,60+,4,13
2022-04-02,03351,05-11,1,6
2022-04-02,03351,05-11,2,5
2022-04-02,03351,60+,4,15
2022-04-02,03352,18-59,2,5
2022-04-02,03352,60+,4,25
2022-04-02,03353,05-11,1,7
2022-04-02,03353,05-11,2,21
2022-04-02,03353,18-59,3,6
2022-04-02,03353,60+,3,7
2022-04-02,03353,60+,4,39
2022-04-02,03354,60+,4,7
2022-04-02,03355,18-59,3,13
2022-04-02,03355,60+,3,5
2022-04-02,03355,60+,4,29
2022-04-02,03356,18-59,2,7
2022-04-02,03356,60+,3,8
2022-04-02,03358,18-59,2,10
2022-04-02,03358,18-59,3,6
2022-04-02,03358,18-59,4,8
2022-04-02,03358,60+,4,24
2022-04-02,03359,18-59,3,9
2022-04-02,03359,18-59,4,5
2022-04-02,03359,60+,4,55
2022-04-02,03361,12-17,1,5
2022-04-02,03361,12-17,2,5
2022-04-02,03361,12-17,3,7
2022-04-02,03361,18-59,1,5
2022-04-02,03361,18-59,2,6
2022-04-02,03361,18-59,3,34
2022-04-02,03361,18-59,4,16
2022-04-02,03361,60+,2,5
2022-04-02,03361,60+,4,86
2022-04-02,03401,18-59,1,5
2022-04-02,03401,18-59,3,17
2022-04-02,03401,60+,3,5
2022-04-02,03401,60+,4,16
2022-04-02,03402,60+,3,5
2022-04-02,03402,60+,4,58
2022-04-02,03403,18-59,3,16
2022-04-02,03403,60+,4,9
2022-04-02,03404,12-17,1,8
2022-04-02,03404,12-17,3,6
2022-04-02,03404,18-59,1,5
2022-04-02,03404,18-59,3,43
2022-04-02,03404,18-59,4,20
2022-04-02,03404,60+,3,7
2022-04-02,03404,60+,4,52
2022-04-02,03405,18-59,3,13
2022-04-02,03405,60+,4,23
2022-04-02,03452,18-59,3,6
2022-04-02,03452,60+,4,36
2022-04-02,03453,05-11,2,6
2022-04-02,03453,60+,4,6
2022-04-02,03454,60+,4,10
2022-04-02,03455,12-17,2,5
2022-04-02,03455,18-59,3,9
2022-04-02,03455,60+,4,19
2022-04-02,03456,05-11,1,5
2022-04-02,03456,18-59,2,5
2022-04-02,03456,18-59,3,13
2022-04-02,03456,18-59,4,7
2022-04-02,03456,60+,4,12
2022-04-02,03458,05-11,1,5
2022-04-02,03458,05-11,2,6
2022-04-02,03458,18-59,2,6
2022-04-02,03458,18-59,3,15
2022-04-02,03458,60+,4,11
2022-04-02,03459,18-59,2,7
2022-04-02,03459,18-59,3,18
2022-04-02,03459,18-59,4,23
2022-04-02,03459,60+,4,68
2022-04-02,03460,18-59,3,8
2022-04-02,03460,60+,4,10
2022-04-02,04011,05-11,2,19
2022-04-02,04011,12-17,2,8
2022-04-02,04011,12-17,3,14
2022-04-02,04011,18-59,2,29
2022-04-02,04011,18-59,3,101
2022-04-02,04011,18-59,4,7
2022-04-02,04011,60+,3,9
2022-04-02,04011,60+,4,118
2022-04-02,04012,18-59,3,17
2022-04-02,04012,60+,4,15
2022-04-02,05111,05-11,1,8
2022-04-02,05111,05-11,2,6
2022-04-02,05111,12-17,1,7
2022-04-02,05111,12-17,3,10
2022-04-02,05111,18-59,1,21
2022-04-02,05111,18-59,2,10
2022-04-02,05111,18-59,3,81
2022-04-02,05111,18-59,4,21
2022-04-02,05111,60+,1,5
2022-04-02,05111,60+,3,9
2022-04-02,05111,60+,4,120
2022-04-02,05112,05-11,1,5
2022-04-02,05112,05-11,2,13
2022-04-02,05112,12-17,2,7
2022-04-02,05112,12-17,3,9
2022-04-02,05112,18-59,1,9
2022-04-02,05112,18-59,2,21
2022-04-02,05112,18-59,3,78
2022-04-02,05112,18-59,4,50
2022-04-02,05112,60+,3,49
2022-04-02,05112,60+,4,345
2022-04-02,05113,05-11,1,7
2022-04-02,05113,05-11,2,9
2022-04-02,05113,12-17,1,5
2022-04-02,05113,12-17,2,8
2022-04-02,05113,12-17,3,14
2022-04-02,05113,18-59,1,14
2022-04-02,05113,18-59,2,43
2022-04-02,05113,18-59,3,122
2022-04-02,05113,18-59,4,68
2022-04-02,05113,60+,3,16
2022-04-02,05113,60+,4,276
2022-04-02,05114,18-59,3,26
2022-04-02,05114,18-59,4,21
2022-04-02,05114,60+,3,8
2022-04-02,05114,60+,4,95
2022-04-02,05116,12-17,3,8
2022-04-02,05116,18-59,2,5
2022-04-02,05116,18-59,3,20
2022-04-02,05116,18-59,4,9
2022-04-02,05116,60+,3,5
2022-04-02,05116,60+,4,24
2022-04-02,05117,18-59,3,37
2022-04-02,05117,18-59,4,14
2022-04-02,05117,60+,2,5
2022-04-02,05117,60+,4,74
2022-04-02,05119,12-17,1,6
2022-04-02,05119,12-17,3,5
2022-04-02,05119,18-59,3,48
2022-04-02,05119,18-59,4,36
2022-04-02,05119,60+,3,20
2022-04-02,05119,60+,4,104
2022-04-02,05120,18-59,1,6
2022-04-02,05120,18-59,2,5
2022-04-02,05120,18-59,3,19
2022-04-02,05120,18-59,4,11
2022-04-02,05120,60+,3,5
2022-04-02,05120,60+,4,101
2022-04-02,05122,18-59,1,7
2022-04-02,05122,18-59,2,5
2022-04-02,05122,18-59,3,25
2022-04-02,05122,18-59,4,10
2022-04-02,05122,60+,3,5
2022-04-02,05122,60+,4,79
2022-04-02,05124,18-59,3,5
2022-04-02,05124,60+,1,5
2022-04-02,05124,60+,4,69
2022-04-02,05154,18-59,1,10
2022-04-02,05154,18-59,2,18
2022-04-02,05154,18-59,3,169
2022-04-02,05154,18-59,4,61
2022-04-02,05154,60+,2,5
2022-04-02,05154,60+,3,149
2022-04-02,05154,60+,4,370
2022-04-02,05158,05-11,1,15
2022-04-02,05158,05-11,2,9
2022-04-02,05158,12-17,1,5
2022-04-02,05158,12-17,3,10
2022-04-02,05158,18-59,1,9
2022-04-02,05158,18-59,3,28
2022-04-02,05158,18-59,4,20
2022-04-02,05158,18-59,5,5
2022-04-02,05158,60+,3,8
2022-04-02,05158,60+,4,109
2022-04-02,05158,60+,5,12
2022-04-02,05162,05-11,1,14
2022-04-02,05162,05-11,2,6
2022-04-02,05162,12-17,3,10
2022-04-02,05162,18-59,3,27
2022-04-02,05162,18-59,4,19
2022-04-02,05162,60+,3,9
2022-04-02,05162,60+,4,99
2022-04-02,05166,05-11,1,9
2022-04-02,05166,05-11,2,14
2022-04-02,05166,12-17,3,5
2022-04-02,05166,18-59,3,16
2022-04-02,05166,18-59,4,23
2022-04-02,05166,60+,4,88
2022-04-02,05170,05-11,1,12
2022-04-02,05170,05-11,2,9
2022-04-02,05170,12-17,3,11
2022-04-02,05170,18-59,1,7
2022-04-02,05170,18-59,3,31
2022-04-02,05170,18-59,4,15
2022-04-02,05170,60+,3,14
2022-04-02,05170,60+,4,238
2022-04-02,05314,18-59,3,10
2022-04-02,05314,18-59,4,32
2022-04-02,05314,60+,4,31
2022-04-02,05315,05-11,1,7
2022-04-02,05315,05-11,2,6
2022-04-02,05315,12-17,3,20
2022-04-02,05315,18-59,2,14
2022-04-02,05315,18-59,3,70
2022-04-02,05315,18-59,4,30
2022-04-02,05315,60+,1,6
2022-04-02,05315,60+,3,8
2022-04-02,05315,60+,4,107
2022-04-02,05316,05-11,2,8
2022-04-02,05316,60+,4,51
2022-04-02,05334,05-11,1,9
2022-04-02,05334,05-11,2,13
2022-04-02,05334,12-17,2,7
2022-04-02,05334,12-17,3,13
2022-04-02,05334,18-59,1,9
2022-04-02,05334,18-59,2,10
2022-04-02,05334,18-59,3,67
2022-04-02,05334,18-59,4,17
2022-04-02,05334,60+,3,8
2022-04-02,05334,60+,4,60
2022-04-02,05358,05-11,1,5
2022-04-02,05358,05-11,2,9
2022-04-02,05358,12-17,1,7
2022-04-02,05358,12-17,3,12
2022-04-02,05358,18-59,2,7
2022-04-02,05358,18-59,3,32
2022-04-02,05358,18-59,4,27
2022-04-02,05358,60+,3,69
2022-04-02,05358,60+,4,109
2022-04-02,05362,05-11,1,9
2022-04-02,05362,05-11,2,5
2022-04-02,05362,12-17,3,13
2022-04-02,05362,18-59,1,6
2022-04-02,05362,18-59,2,8
2022-04-02,05362,18-59,3,33
2022-04-02,05362,18-59,4,15
2022-04-02,05362,60+,3,20
2022-04-02,05362,60+,4,60
2022-04-02,05366,05-11,1,20
2022-04-02,05366,05-11,2,29
2022-04-02,05366,12-17,3,9
2022-04-02,05366,18-59,3,27
2022-04-02,05366,18-59,4,13
2022-04-02,05366,60+,3,27
2022-04-02,05366,60+,4,64
2022-04-02,05370,18-59,3,12
2022-04-02,05370,18-59,4,6
2022-04-02,05370,60+,3,5
2022-04-02,05370,60+,4,26
2022-04-02,05374,05-11,1,5
2022-04-02,05374,05-11,3,5
2022-04-02,05374,12-17,2,5
2022-04-02,05374,12-17,3,6
2022-04-02,05374,18-59,3,20
2022-04-02,05374,60+,4,49
2022-04-02,05378,05-11,1,9
2022-04-02,05378,05-11,2,8
2022-04-02,05378,05-11,3,5
2022-04-02,05378,18-59,2,10
2022-04-02,05378,18-59,3,36
2022-04-02,05378,18-59,4,18
2022-04-02,05378,60+,3,99
2022-04-02,05378,60+,4,105
2022-04-02,05382,12-17,3,15
2022-04-02,05382,18-59,1,12
2022-04-02,05382,18-59,2,14
2022-04-02,05382,18-59,3,64
2022-04-02,05382,18-59,4,29
2022-04-02,05382,60+,2,5
2022-04-02,05382,60+,3,14
2022-04-02,05382,60+,4,243
2022-04-02,05513,05-11,1,17
2022-04-02,05513,05-11,2,40
2022-04-02,05513,12-17,1,5
2022-04-02,05513,12-17,2,7
2022-04-02,05513,12-17,3,14
2022-04-02,05513,18-59,2,10
2022-04-02,05513,18-59,3,12
2022-04-02,05513,60+,4,6
2022-04-02,05515,05-11,1,5
2022-04-02,05515,05-11,2,6
2022-04-02,05515,12-17,1,6
2022-04-02,05515,12-17,2,7
2022-04-02,05515,12-17,3,13
2022-04-02,05515,18-59,2,11
2022-04-02,05515,18-59,3,53
2022-04-02,05515,18-59,4,25
2022-04-02,05515,60+,3,9
2022-04-02,05515,60+,4,109
2022-04-02,05554,12-17,2,6
2022-04-02,05554,12-17,3,11
2022-04-02,05554,18-59,1,6
2022-04-02,05554,18-59,2,8
2022-04-02,05554,18-59,3,38
2022-04-02,05554,18-59,4,17
2022-04-02,05554,60+,3,14
2022-04-02,05554,60+,4,44
2022-04-02,05558,05-11,1,6
2022-04-02,05558,05-11,2,14
2022-04-02,05558,12-17,1,6
2022-04-02,05558,12-17,2,5
2022-04-02,05558,12-17,3,16
2022-04-02,05558,18-59,1,5
2022-04-02,05558,18-59,3,30
2022-04-02,05558,18-59,4,6
2022-04-02,05558,60+,3,5
2022-04-02,05558,60+,4,78
2022-04-02,05562,05-11,1,8
2022-04-02,05562,05-11,2,21
2022-04-02,05562,12-17,2,5
2022-04-02,05562,12-17,3,9
2022-04-02,05562,18-59,1,11
2022-04-02,05562,18-59,2,19
2022-04-02,05562,18-59,3,66
2022-04-02,05562,18-59,4,61
2022-04-02,05562,60+,3,14
2022-04-02,05562,60+,4,250
2022-04-02,05566,05-11,2,9
2022-04-02,05566,12-17,3,10
2022-04-02,05566,18-59,1,7
2022-04-02,05566,18-59,2,14
2022-04-02,05566,18-59,3,28
2022-04-02,05566,18-59,4,32
2022-04-02,05566,60+,4,104
2022-04-02,05570,05-11,1,5
2022-04-02,05570,05-11,2,10
2022-04-02,05570,12-17,3,12
2022-04-02,05570,18-59,1,9
2022-04-02,05570,18-59,2,22
2022-04-02,05570,18-59,3,49
2022-04-02,05570,18-59,4,8
2022-04-02,05570,60+,4,258
2022-04-02,05711,12-17,2,9
2022-04-02,05711,12-17,3,13
2022-04-02,05711,18-59,3,53
2022-04-02,05711,18-59,4,19
2022-04-02,05711,60+,3,5
2022-04-02,05711,60+,4,118
2022-04-02,05754,05-11,1,7
2022-04-02,05754,05-11,2,11
2022-04-02,05754,12-17,3,16
2022-04-02,05754,18-59,1,11
2022-04-02,05754,18-59,2,24
2022-04-02,05754,18-59,3,99
2022-04-02,05754,18-59,4,53
2022-04-02,05754,60+,2,9
2022-04-02,05754,60+,3,8
2022-04-02,05754,60+,4,354
2022-04-02,05758,18-59,1,5
2022-04-02,05758,18-59,3,26
2022-04-02,05758,18-59,4,26
2022-04-02,05758,60+,3,10
2022-04-02,05758,60+,4,105
2022-04-02,05762,18-59,1,5
2022-04-02,05762,18-59,3,18
2022-04-02,05762,60+,4,26
2022-04-02,05766,12-17,1,7
2022-04-02,05766,12-17,2,6
2022-04-02,05766,12-17,3,11
2022-04-02,05766,18-59,3,91
2022-04-02,05766,18-59,4,7
2022-04-02,05766,60+,3,62
2022-04-02,05766,60+,4,85
2022-04-02,05770,12-17,1,5
2022-04-02,05770,12-17,2,6
2022-04-02,05770,12-17,3,9
2022-04-02,05770,18-59,1,7
2022-04-02,05770,18-59,2,30
2022-04-02,05770,18-59,3,33
2022-04-02,05770,18-59,4,41
2022-04-02,05770,60+,4,181
2022-04-02,05774,18-59,3,8
2022-04-02,05774,60+,4,46
2022-04-02,05911,05-11,2,8
2022-04-02,05911,12-17,3,7
2022-04-02,05911,18-59,3,42
2022-04-02,05911,18-59,4,6
2022-04-02,05911,60+,4,27
2022-04-02,05913,05-11,2,8
2022-04-02,05913,12-17,3,8
2022-04-02,05913,18-59,2,20
2022-04-02,05913,18-59,3,47
2022-04-02,05913,18-59,4,11
2022-04-02,05913,60+,4,64
2022-04-02,05914,60+,4,5
2022-04-02,05915,60+,4,25
2022-04-02,05954,12-17,1,5
2022-04-02,05954,12-17,2,5
2022-04-02,05954,18-59,2,5
2022-04-02,05954,18-59,3,25
2022-04-02,05954,18-59,4,32
2022-04-02,05954,60+,3,6
2022-04-02,05954,60+,4,75
2022-04-02,05958,18-59,3,14
2022-04-02,05958,18-59,4,7
2022-04-02,05958,60+,2,6
2022-04-02,05958,60+,4,68
2022-04-02,05962,05-11,2,5
2022-04-02,05962,12-17,2,5
2022-04-02,05962,12-17,3,13
2022-04-02,05962,18-59,1,7
2022-04-02,05962,18-59,2,15
2022-04-02,05962,18-59,3,37
2022-04-02,05962,18-59,4,19
2022-04-02,05962,60+,3,16
2022-04-02,05962,60+,4,119
2022-04-02,05966,12-17,2,5
2022-04-02,05966,12-17,3,10
2022-04-02,05966,18-59,2,12
2022-04-02,05966,18-59,3,19
2022-04-02,05966,18-59,4,12
2022-04-02,05966,60+,4,38
2022-04-02,05970,05-11,1,5
2022-04-02,05970,18-59,3,48
2022-04-02,05970,60+,3,20
2022-04-02,05970,60+,4,55
2022-04-02,05974,05-11,1,8
2022-04-02,05974,12-17,1,5
2022-04-02,05974,12-17,3,7
2022-04-02,05974,12-17,4,15
2022-04-02,05974,18-59,1,5
2022-04-02,05974,18-59,2,14
2022-04-02,05974,18-59,3,14
2022-04-02,05974,18-59,4,39
2022-04-02,05974,60+,3,5
2022-04-02,05974,60+,4,85
2022-04-02,05978,05-11,2,8
2022-04-02,05978,12-17,3,12
2022-04-02,05978,18-59,2,10
2022-04-02,05978,18-59,3,23
2022-04-02,05978,18-59,4,43
2022-04-02,05978,60+,1,6
2022-04-02,05978,60+,4,161
2022-04-02,06411,60+,4,45
2022-04-02,06412,05-11,1,8
2022-04-02,06412,05-11,2,10
2022-04-02,06412,12-17,2,6
2022-04-02,06412,12-17,3,8
2022-04-02,06412,18-59,1,6
2022-04-02,06412,18-59,2,13
2022-04-02,06412,18-59,3,67
2022-04-02,06412,18-59,4,36
2022-04-02,06412,60+,3,15
2022-04-02,06412,60+,4,55
2022-04-02,06413,05-11,1,5
2022-04-02,06413,18-59,2,5
2022-04-02,06413,18-59,3,20
2022-04-02,06413,18-59,4,6
2022-04-02,06413,60+,4,40
2022-04-02,06414,12-17,3,6
2022-04-02,06414,18-59,2,6
2022-04-02,06414,18-59,3,15
2022-04-02,06414,18-59,4,10
2022-04-02,06414,60+,4,33
2022-04-02,06431,12-17,3,12
2022-04-02,06431,18-59,1,6
2022-04-02,06431,18-59,2,30
2022-04-02,06431,18-59,3,63
2022-04-02,06431,18-59,4,30
2022-04-02,06431,60+,1,5
2022-04-02,06431,60+,3,28
2022-04-02,06431,60+,4,78
2022-04-02,06433,05-11,1,10
2022-04-02,06433,05-11,2,25
2022-04-02,06433,12-17,2,6
2022-04-02,06433,12-17,3,15
2022-04-02,06433,18-59,1,12
2022-04-02,06433,18-59,2,8
2022-04-02,06433,18-59,3,37
2022-04-02,06433,18-59,4,5
2022-04-02,06433,60+,1,6
2022-04-02,06433,60+,3,51
2022-04-02,06433,60+,4,96
2022-04-02,06434,05-11,1,5
2022-04-02,06434,05-11,2,5
2022-04-02,06434,12-17,1,9
2022-04-02,06434,12-17,2,5
2022-04-02,06434,12-17,3,20
2022-04-02,06434,18-59,1,17
2022-04-02,06434,18-59,2,19
2022-04-02,06434,18-59,3,29
2022-04-02,06434,18-59,4,32
2022-04-02,06434,60+,1,8
2022-04-02,06434,60+,3,7
2022-04-02,06434,60+,4,124
2022-04-02,06435,05-11,1,9
2022-04-02,06435,05-11,2,12
2022-04-02,06435,12-17,1,7
2022-04-02,06435,12-17,3,9
2022-04-02,06435,18-59,1,12
2022-04-02,06435,18-59,2,11
2022-04-02,06435,18-59,3,54
2022-04-02,06435,18-59,4,6
2022-04-02,06435,60+,1,8
2022-04-02,06435,60+,3,14
2022-04-02,06435,60+,4,117
2022-04-02,06436,05-11,1,16
2022-04-02,06436,05-11,2,13
2022-04-02,06436,12-17,2,6
2022-04-02,06436,12-17,3,11
2022-04-02,06436,18-59,3,12
2022-04-02,06436,60+,2,5
2022-04-02,06436,60+,3,28
2022-04-02,06436,60+,4,64
2022-04-02,06437,05-11,1,16
2022-04-02,06437,18-59,1,8
2022-04-02,06437,18-59,2,7
2022-04-02,06437,18-59,3,10
2022-04-02,06437,60+,3,9
2022-04-02,06437,60+,4,11
2022-04-02,06438,05-11,1,5
2022-04-02,06438,05-11,2,6
2022-04-02,06438,12-17,1,6
2022-04-02,06438,12-17,2,7
2022-04-02,06438,12-17,3,6
2022-04-02,06438,18-59,3,27
2022-04-02,06438,18-59,4,7
2022-04-02,06438,60+,2,6
2022-04-02,06438,60+,3,18
2022-04-02,06438,60+,4,28
2022-04-02,06439,18-59,4,39
2022-04-02,06440,18-59,1,8
2022-04-02,06440,18-59,4,5
2022-04-02,06440,60+,3,6
2022-04-02,06531,12-17,1,7
2022-04-02,06531,18-59,1,16
2022-04-02,06531,18-59,2,8
2022-04-02,06531,18-59,3,39
2022-04-02,06531,18-59,4,33
2022-04-02,06531,60+,3,9
2022-04-02,06531,60+,4,66
2022-04-02,06532,05-11,2,6
2022-04-02,06532,12-17,3,5
2022-04-02,06532,18-59,1,16
2022-04-02,06532,18-59,2,7
2022-04-02,06532,18-59,3,17
2022-04-02,06532,60+,3,5
2022-04-02,06532,60+,4,50
2022-04-02,06533,18-59,4,5
2022-04-02,06533,60+,4,46
2022-04-02,06534,05-11,2,12
2022-04-02,06534,12-17,1,6
2022-04-02,06534,12-17,3,8
2022-04-02,06534,18-59,1,12
2022-04-02,06534,18-59,2,5
2022-04-02,06534,18-59,3,19
2022-04-02,06534,60+,3,5
2022-04-02,06534,60+,4,20
2022-04-02,06611,12-17,2,6
2022-04-02,06611,12-17,3,6
2022-04-02,06611,18-59,2,9
2022-04-02,06611,18-59,3,36
2022-04-02,06611,60+,3,19
2022-04-02,06611,60+,4,32
2022-04-02,06631,18-59,2,17
2022-04-02,06631,18-59,3,6
2022-04-02,06631,60+,3,6
2022-04-02,06632,18-59,3,6
2022-04-02,06632,60+,3,9
2022-04-02,06632,60+,4,13
2022-04-02,06633,12-17,2,6
2022-04-02,06633,18-59,3,5
2022-04-02,06633,18-59,4,25
2022-04-02,06633,60+,4,50
2022-04-02,06634,05-11,1,6
2022-04-02,06634,05-11,2,12
2022-04-02,06634,60+,4,8
2022-04-02,06635,18-59,2,6
2022-04-02,06635,18-59,3,23
2022-04-02,06635,18-59,4,14
2022-04-02,06635,60+,4,75
2022-04-02,06636,12-17,3,5
2022-04-02,06636,60+,4,15
2022-04-02,07111,60+,3,5
2022-04-02,07131,05-11,1,12
2022-04-02,07131,05-11,2,15
2022-04-02,07131,05-11,3,31
2022-04-02,07131,18-59,4,32
2022-04-02,07131,60+,4,13
2022-04-02,07132,60+,4,5
2022-04-02,07133,18-59,1,5
2022-04-02,07133,18-59,2,6
2022-04-02,07133,18-59,3,77
2022-04-02,07133,18-59,4,20
2022-04-02,07133,60+,3,14
2022-04-02,07133,60+,4,102
2022-04-02,07134,18-59,1,6
2022-04-02,07134,60+,4,35
2022-04-02,07137,05-11,1,9
2022-04-02,07137,05-11,2,17
2022-04-02,07137,05-11,3,12
2022-04-02,07137,60+,4,20
2022-04-02,07138,18-59,3,6
2022-04-02,07138,18-59,4,8
2022-04-02,07138,60+,4,11
2022-04-02,07140,18-59,2,9
2022-04-02,07140,18-59,3,20
2022-04-02,07140,18-59,4,6
2022-04-02,07140,60+,2,7
2022-04-02,07140,60+,3,6
2022-04-02,07140,60+,4,40
2022-04-02,07141,12-17,3,5
2022-04-02,07141,18-59,4,13
2022-04-02,07141,60+,4,10
2022-04-02,07143,18-59,3,5
2022-04-02,07143,18-59,4,7
2022-04-02,07143,60+,4,31
2022-04-02,07231,60+,4,25
2022-04-02,07232,60+,4,7
2022-04-02,07233,12-17,1,7
2022-04-02,07233,18-59,1,8
2022-04-02,07233,18-59,2,13
2022-04-02,07233,18-59,3,23
2022-04-02,07233,18-59,4,21
2022-04-02,07233,60+,3,19
2022-04-02,07233,60+,4,78
2022-04-02,07235,05-11,2,5
2022-04-02,07235,12-17,3,5
2022-04-02,07235,18-59,2,6
2022-04-02,07235,18-59,3,23
2022-04-02,07235,60+,4,46
2022-04-02,07311,05-11,1,6
2022-04-02,07311,05-11,2,9
2022-04-02,07311,12-17,1,5
2022-04-02,07311,18-59,3,18
2022-04-02,07311,18-59,4,5
2022-04-02,07311,60+,4,24
2022-04-02,07313,18-59,2,6
2022-04-02,07313,18-59,3,12
2022-04-02,07313,60+,4,26
2022-04-02,07314,05-11,1,8
2022-04-02,07314,18-59,1,7
2022-04-02,07314,18-59,3,14
2022-04-02,07314,60+,4,15
2022-04-02,07315,18-59,2,5
2022-04-02,07315,18-59,3,13
2022-04-02,07315,18-59,4,37
2022-04-02,07315,60+,4,80
2022-04-02,07318,05-11,1,5
2022-04-02,07318,12-17,2,5
2022-04-02,07318,60+,4,26
2022-04-02,07319,18-59,3,32
2022-04-02,07319,60+,3,37
2022-04-02,07320,12-17,3,5
2022-04-02,07320,18-59,1,5
2022-04-02,07320,18-59,2,12
2022-04-02,07320,18-59,3,13
2022-04-02,07320,60+,2,7
2022-04-02,07331,12-17,3,6
2022-04-02,07331,18-59,2,8
2022-04-02,07331,18-59,3,20
2022-04-02,07331,18-59,4,6
2022-04-02,07331,60+,4,44
2022-04-02,07332,18-59,3,6
2022-04-02,07332,18-59,4,5
2022-04-02,07332,60+,3,10
2022-04-02,07332,60+,4,71
2022-04-02,07334,12-17,2,5
2022-04-02,07334,18-59,3,11
2022-04-02,07334,18-59,4,17
2022-04-02,07334,60+,4,89
2022-04-02,07335,05-11,1,8
2022-04-02,07335,12-17,3,5
2022-04-02,07335,18-59,2,5
2022-04-02,07335,18-59,4,5
2022-04-02,07335,60+,4,26
2022-04-02,07336,60+,2,8
2022-04-02,07336,60+,4,10
2022-04-02,07337,60+,4,28
2022-04-02,07338,05-11,2,11
2022-04-02,07339,60+,3,5
2022-04-02,07340,18-59,2,8
2022-04-02,07340,18-59,3,8
2022-04-02,07340,18-59,4,9
2022-04-02,07340,60+,3,6
2022-04-02,07340,60+,4,41
2022-04-02,08111,05-11,1,34
2022-04-02,08111,05-11,2,85
2022-04-02,08111,05-11,3,6
2022-04-02,08111,12-17,1,14
2022-04-02,08111,12-17,2,20
2022-04-02,08111,12-17,3,76
2022-04-02,08111,18-59,1,26
2022-04-02,08111,18-59,2,112
2022-04-02,08111,18-59,3,320
2022-04-02,08111,18-59,4,114
2022-04-02,08111,60+,1,8
2022-04-02,08111,60+,2,11
2022-04-02,08111,60+,3,50
2022-04-02,08111,60+,4,459
2022-04-02,08115,12-17,2,9
2022-04-02,08115,12-17,3,8
2022-04-02,08115,18-59,2,7
2022-04-02,08115,18-59,3,16
2022-04-02,08115,18-59,4,15
2022-04-02,08115,60+,4,164
2022-04-02,08116,12-17,3,6
2022-04-02,08116,60+,4,15
2022-04-02,08117,12-17,1,6
2022-04-02,08117,18-59,1,14
2022-04-02,08117,18-59,2,7
2022-04-02,08117,18-59,3,10
2022-04-02,08117,18-59,4,31
2022-04-02,08117,60+,3,7
2022-04-02,08117,60+,4,35
2022-04-02,08118,12-17,2,5
2022-04-02,08118,12-17,3,6
2022-04-02,08118,18-59,1,5
2022-04-02,08118,18-59,3,18
2022-04-02,08118,18-59,4,8
2022-04-02,08118,60+,4,53
2022-04-02,08119,05-11,1,6
2022-04-02,08119,12-17,2,8
2022-04-02,08119,12-17,3,6
2022-04-02,08119,18-59,1,8
2022-04-02,08119,18-59,2,23
2022-04-02,08119,18-59,3,52
2022-04-02,08119,60+,2,8
2022-04-02,08119,60+,3,7
2022-04-02,08119,60+,4,40
2022-04-02,08121,18-59,4,6
2022-04-02,08121,60+,3,5
2022-04-02,08121,60+,4,12
2022-04-02,08125,18-59,1,5
2022-04-02,08125,18-59,2,6
2022-04-02,08125,18-59,3,10
2022-04-02,08125,60+,4,33
2022-04-02,08126,60+,4,21
2022-04-02,08127,18-59,2,5
2022-04-02,08127,18-59,3,12
2022-04-02,08127,60+,4,40
2022-04-02,08135,18-59,2,7
2022-04-02,08135,18-59,3,8
2022-04-02,08135,60+,4,12
2022-04-02,08136,12-17,3,6
2022-04-02,08136,60+,4,17
2022-04-02,08211,18-59,3,7
2022-04-02,08211,60+,4,18
2022-04-02,08212,05-11,2,22
2022-04-02,08212,12-17,2,5
2022-04-02,08212,12-17,3,6
2022-04-02,08212,18-59,3,8
2022-04-02,08215,12-17,1,5
2022-04-02,08215,12-17,3,9
2022-04-02,08215,18-59,1,6
2022-04-02,08215,18-59,3,17
2022-04-02,08215,60+,3,5
2022-04-02,08215,60+,4,23
2022-04-02,08216,05-11,1,10
2022-04-02,08216,05-11,2,13
2022-04-02,08216,12-17,1,5
2022-04-02,08216,12-17,3,6
2022-04-02,08216,18-59,2,13
2022-04-02,08216,18-59,3,20
2022-04-02,08216,60+,4,65
2022-04-02,08221,05-11,2,5
2022-04-02,08221,18-59,1,6
2022-04-02,08221,18-59,2,15
2022-04-02,08221,18-59,3,28
2022-04-02,08221,18-59,4,16
2022-04-02,08221,60+,4,5
2022-04-02,08222,18-59,3,12
2022-04-02,08222,18-59,4,8
2022-04-02,08222,60+,4,23
2022-04-02,08226,60+,4,8
2022-04-02,08235,18-59,3,28
2022-04-02,08235,18-59,4,9
2022-04-02,08235,60+,3,31
2022-04-02,08235,60+,4,54
2022-04-02,08236,12-17,3,6
2022-04-02,08236,18-59,2,9
2022-04-02,08236,18-59,3,28
2022-04-02,08236,18-59,4,11
2022-04-02,08236,60+,3,8
2022-04-02,08236,60+,4,51
2022-04-02,08237,60+,3,5
2022-04-02,08237,60+,4,13
2022-04-02,08311,18-59,3,11
2022-04-02,08311,18-59,4,17
2022-04-02,08311,60+,3,5
2022-04-02,08311,60+,4,48
2022-04-02,08315,18-59,3,8
2022-04-02,08315,18-59,4,7
2022-04-02,08315,60+,4,21
2022-04-02,08316,18-59,3,5
2022-04-02,08316,18-59,4,6
2022-04-02,08316,60+,4,16
2022-04-02,08317,05-11,2,7
2022-04-02,08317,18-59,1,7
2022-04-02,08317,18-59,3,17
2022-04-02,08317,18-59,4,5
2022-04-02,08317,60+,3,10
2022-04-02,08317,60+,4,22
2022-04-02,08325,05-11,2,9
2022-04-02,08325,18-59,2,11
2022-04-02,08325,18-59,3,61
2022-04-02,08325,18-59,4,5
2022-04-02,08326,18-59,3,15
2022-04-02,08326,18-59,4,11
2022-04-02,08335,18-59,1,36
2022-04-02,08335,18-59,2,35
2022-04-02,08335,18-59,3,29
2022-04-02,08335,18-59,4,6
2022-04-02,08335,60+,1,62
2022-04-02,08335,60+,2,47
2022-04-02,08335,60+,3,60
2022-04-02,08335,60+,4,25
2022-04-02,08336,05-11,1,14
2022-04-02,08336,05-11,2,8
2022-04-02,08336,12-17,2,5
2022-04-02,08336,12-17,3,12
2022-04-02,08336,18-59,1,10
2022-04-02,08336,18-59,2,14
2022-04-02,08336,18-59,3,50
2022-04-02,08336,18-59,4,6
2022-04-02,08336,60+,2,5
2022-04-02,08336,60+,3,12
2022-04-02,08336,60+,4,68
2022-04-02,08337,12-17,3,5
2022-04-02,08337,18-59,1,6
2022-04-02,08337,18-59,2,13
2022-04-02,08337,18-59,3,34
2022-04-02,08337,18-59,4,17
2022-04-02,08337,60+,2,7
2022-04-02,08337,60+,4,39
2022-04-02,08415,18-59,1,10
2022-04-02,08415,18-59,2,10
2022-04-02,08415,18-59,3,28
2022-04-02,08415,18-59,4,14
2022-04-02,08415,60+,1,5
2022-04-02,08415,60+,2,5
2022-04-02,08415,60+,3,12
2022-04-02,08415,60+,4,134
2022-04-02,08416,05-11,2,6
2022-04-02,08416,12-17,3,6
2022-04-02,08416,18-59,2,19
2022-04-02,08416,18-59,3,28
2022-04-02,08416,18-59,4,11
2022-04-02,08416,60+,3,13
2022-04-02,08416,60+,4,69
2022-04-02,08417,05-11,2,5
2022-04-02,08417,60+,1,5
2022-04-02,08417,60+,4,14
2022-04-02,08421,18-59,2,13
2022-04-02,08421,18-59,3,14
2022-04-02,08421,18-59,4,7
2022-04-02,08426,12-17,3,5
2022-04-02,08426,18-59,3,5
2022-04-02,08426,60+,4,15
2022-04-02,08435,18-59,1,8
2022-04-02,08435,18-59,4,14
2022-04-02,08435,60+,3,9
2022-04-02,08435,60+,4,50
2022-04-02,08436,18-59,3,5
2022-04-02,08437,05-11,1,7
2022-04-02,08437,12-17,3,5
2022-04-02,08437,18-59,2,7
2022-04-02,08437,18-59,3,13
2022-04-02,08437,60+,4,10
2022-04-02,09161,12-17,3,6
2022-04-02,09161,18-59,3,11
2022-04-02,09161,18-59,4,8
2022-04-02,09161,60+,4,10
2022-04-02,09162,05-11,1,8
2022-04-02,09162,05-11,2,12
2022-04-02,09162,12-17,1,7
2022-04-02,09162,12-17,2,10
2022-04-02,09162,12-17,3,26
2022-04-02,09162,18-59,1,20
2022-04-02,09162,18-59,2,83
2022-04-02,09162,18-59,3,378
2022-04-02,09162,18-59,4,57
2022-04-02,09162,60+,2,8
2022-04-02,09162,60+,3,40
2022-04-02,09162,60+,4,226
2022-04-02,09163,12-17,1,5
2022-04-02,09163,18-59,1,9
2022-04-02,09163,18-59,2,12
2022-04-02,09163,18-59,3,38
2022-04-02,09163,60+,3,6
2022-04-02,09163,60+,4,10
2022-04-02,09171,18-59,3,5
2022-04-02,09171,18-59,4,5
2022-04-02,09171,60+,4,38
2022-04-02,09172,18-59,2,12
2022-04-02,09172,18-59,3,20
2022-04-02,09172,60+,4,24
2022-04-02,09174,18-59,3,15
2022-04-02,09174,60+,2,5
2022-04-02,09174,60+,4,8
2022-04-02,09175,12-17,3,7
2022-04-02,09175,18-59,1,5
2022-04-02,09175,18-59,3,12
2022-04-02,09175,18-59,4,6
2022-04-02,09175,60+,4,16
2022-04-02,09176,05-11,2,7
2022-04-02,09176,18-59,3,9
2022-04-02,09176,60+,4,11
2022-04-02,09177,18-59,3,13
2022-04-02,09177,60+,4,29
2022-04-02,09178,05-11,1,9
2022-04-02,09178,05-11,2,7
2022-04-02,09178,12-17,3,10
2022-04-02,09178,18-59,3,22
2022-04-02,09178,60+,4,30
2022-04-02,09179,12-17,1,7
2022-04-02,09179,12-17,2,5
2022-04-02,09179,18-59,2,10
2022-04-02,09179,18-59,3,17
2022-04-02,09179,18-59,4,7
2022-04-02,09179,60+,4,37
2022-04-02,09180,60+,4,5
2022-04-02,09181,18-59,2,7
2022-04-02,09181,18-59,3,5
2022-04-02,09181,60+,4,22
2022-04-02,09182,18-59,2,6
2022-04-02,09182,18-59,3,9
2022-04-02,09182,18-59,4,5
2022-04-02,09182,60+,4,7
2022-04-02,09183,12-17,2,6
2022-04-02,09183,18-59,3,19
2022-04-02,09183,60+,4,13
2022-04-02,09184,05-11,1,9
2022-04-02,09184,05-11,2,11
2022-04-02,09184,12-17,1,10
2022-04-02,09184,12-17,2,9
2022-04-02,09184,12-17,3,7
2022-04-02,09184,12-17,4,5
2022-04-02,09184,18-59,1,8
2022-04-02,09184,18-59,2,16
2022-04-02,09184,18-59,3,56
2022-04-02,09184,18-59,4,9
2022-04-02,09184,60+,3,8
2022-04-02,09184,60+,4,60
2022-04-02,09185,18-59,1,5
2022-04-02,09185,18-59,3,10
2022-04-02,09185,60+,4,10
2022-04-02,09186,05-11,1,8
2022-04-02,09186,12-17,1,7
2022-04-02,09186,12-17,2,8
2022-04-02,09186,18-59,2,8
2022-04-02,09186,18-59,3,15
2022-04-02,09186,18-59,4,11
2022-04-02,09186,60+,4,18
2022-04-02,09186,60+,5,5
2022-04-02,09187,18-59,3,12
2022-04-02,09187,18-59,4,5
2022-04-02,09187,60+,2,6
2022-04-02,09187,60+,3,9
2022-04-02,09187,60+,4,47
2022-04-02,09188,05-11,1,6
2022-04-02,09188,12-17,3,5
2022-04-02,09188,18-59,3,11
2022-04-02,09188,60+,4,33
2022-04-02,09189,12-17,3,6
2022-04-02,09189,18-59,3,8
2022-04-02,09189,18-59,4,6
2022-04-02,09189,60+,4,26
2022-04-02,09190,18-59,3,7
2022-04-02,09190,60+,4,14
2022-04-02,09261,18-59,3,20
2022-04-02,09261,60+,4,7
2022-04-02,09262,18-59,3,10
2022-04-02,09262,60+,4,22
2022-04-02,09263,05-11,2,7
2022-04-02,09263,18-59,3,14
2022-04-02,09263,60+,4,5
2022-04-02,09272,18-59,3,5
2022-04-02,09272,18-59,4,6
2022-04-02,09272,60+,4,5
2022-04-02,09273,18-59,2,10
2022-04-02,09273,18-59,3,17
2022-04-02,09273,60+,3,7
2022-04-02,09273,60+,4,8
2022-04-02,09275,18-59,3,6
2022-04-02,09276,12-17,2,5
2022-04-02,09276,12-17,3,5
2022-04-02,09276,18-59,2,7
2022-04-02,09276,18-59,3,5
2022-04-02,09276,18-59,4,6
2022-04-02,09276,60+,1,5
2022-04-02,09277,05-11,1,9
2022-04-02,09277,05-11,2,12
2022-04-02,09277,12-17,3,6
2022-04-02,09277,18-59,2,7
2022-04-02,09277,60+,4,5
2022-04-02,09278,18-59,3,6
2022-04-02,09279,12-17,3,5
2022-04-02,09279,18-59,3,10
2022-04-02,09362,05-11,1,8
2022-04-02,09362,05-11,2,15
2022-04-02,09362,05-11,3,6
2022-04-02,09362,12-17,2,7
2022-04-02,09362,12-17,3,10
2022-04-02,09362,18-59,2,9
2022-04-02,09362,18-59,3,14
2022-04-02,09362,18-59,4,7
2022-04-02,09362,60+,3,5
2022-04-02,09362,60+,4,9
2022-04-02,09363,05-11,2,7
2022-04-02,09363,18-59,3,6
2022-04-02,09363,18-59,4,5
2022-04-02,09363,60+,4,5
2022-04-02,09371,18-59,4,5
2022-04-02,09372,05-11,2,7
2022-04-02,09372,18-59,3,11
2022-04-02,09374,60+,4,14
2022-04-02,09375,12-17,3,6
2022-04-02,09375,60+,4,10
2022-04-02,09376,12-17,3,5
2022-04-02,09376,18-59,3,11
2022-04-02,09376,60+,4,6
2022-04-02,09377,18-59,2,10
2022-04-02,09377,18-59,4,11
2022-04-02,09377,60+,4,11
2022-04-02,09461,18-59,1,6
2022-04-02,09461,18-59,2,11
2022-04-02,09461,18-59,3,21
2022-04-02,09461,60+,2,5
2022-04-02,09461,60+,4,12
2022-04-02,09462,05-11,2,8
2022-04-02,09462,18-59,3,7
2022-04-02,09473,18-59,2,10
2022-04-02,09473,18-59,3,5
2022-04-02,09473,60+,4,5
2022-04-02,09474,18-59,3,9
2022-04-02,09474,60+,2,5
2022-04-02,09474,60+,4,11
2022-04-02,09476,12-17,3,5
2022-04-02,09476,18-59,3,9
2022-04-02,09476,60+,3,5
2022-04-02,09476,60+,4,11
2022-04-02,09477,18-59,1,5
2022-04-02,09478,18-59,2,5
2022-04-02,09478,18-59,3,17
2022-04-02,09478,60+,3,6
2022-04-02,09478,60+,4,49
2022-04-02,09479,18-59,2,11
2022-04-02,09479,18-59,3,8
2022-04-02,09479,60+,4,22
2022-04-02,09561,12-17,2,5
2022-04-02,09561,18-59,2,8
2022-04-02,09561,18-59,3,14
2022-04-02,09561,18-59,4,8
2022-04-02,09561,60+,4,5
2022-04-02,09562,05-11,2,15
2022-04-02,09562,12-17,1,7
2022-04-02,09562,12-17,3,8
2022-04-02,09562,18-59,1,9
2022-04-02,09562,18-59,2,13
2022-04-02,09562,18-59,3,45
2022-04-02,09562,18-59,4,11
2022-04-02,09562,60+,3,8
2022-04-02,09562,60+,4,48
2022-04-02,09563,18-59,2,6
2022-04-02,09563,18-59,3,31
2022-04-02,09563,18-59,4,35
2022-04-02,09563,60+,2,5
2022-04-02,09563,60+,3,8
2022-04-02,09563,60+,4,46
2022-04-02,09564,05-11,1,15
2022-04-02,09564,05-11,2,21
2022-04-02,09564,12-17,1,5
2022-04-02,09564,12-17,2,9
2022-04-02,09564,12-17,3,9
2022-04-02,09564,18-59,2,31
2022-04-02,09564,18-59,3,56
2022-04-02,09564,18-59,4,12
2022-04-02,09564,60+,2,5
2022-04-02,09564,60+,4,41
2022-04-02,09565,18-59,1,7
2022-04-02,09565,18-59,2,5
2022-04-02,09565,18-59,3,26
2022-04-02,09565,60+,4,30
2022-04-02,09571,18-59,3,9
2022-04-02,09571,60+,3,5
2022-04-02,09571,60+,4,13
2022-04-02,09572,18-59,3,5
2022-04-02,09572,18-59,4,12
2022-04-02,09572,60+,4,73
2022-04-02,09575,05-11,2,9
2022-04-02,09575,12-17,1,5
2022-04-02,09575,18-59,1,5
2022-04-02,09575,18-59,4,17
2022-04-02,09575,60+,1,5
2022-04-02,09575,60+,4,39
2022-04-02,09576,18-59,1,7
2022-04-02,09576,18-59,3,10
2022-04-02,09577,18-59,2,6
2022-04-02,09577,18-59,3,19
2022-04-02,09662,05-11,1,5
2022-04-02,09662,05-11,2,5
2022-04-02,09662,18-59,1,7
2022-04-02,09662,18-59,2,8
2022-04-02,09662,18-59,3,37
2022-04-02,09662,60+,3,5
2022-04-02,09662,60+,4,18
2022-04-02,09663,18-59,3,12
2022-04-02,09663,18-59,4,8
2022-04-02,09663,60+,4,14
2022-04-02,09671,05-11,1,5
2022-04-02,09671,05-11,2,5
2022-04-02,09671,12-17,2,5
2022-04-02,09671,18-59,2,5
2022-04-02,09671,18-59,3,42
2022-04-02,09671,18-59,4,12
2022-04-02,09671,60+,4,55
2022-04-02,09672,05-11,1,8
2022-04-02,09672,05-11,2,8
2022-04-02,09672,12-17,3,7
2022-04-02,09672,18-59,3,25
2022-04-02,09672,18-59,4,5
2022-04-02,09672,60+,4,35
2022-04-02,09673,60+,4,9
2022-04-02,09674,05-11,2,8
2022-04-02,09674,18-59,2,5
2022-04-02,09674,18-59,3,10
2022-04-02,09674,60+,3,6
2022-04-02,09674,60+,4,15
2022-04-02,09675,12-17,1,6
2022-04-02,09675,12-17,3,7
2022-04-02,09675,18-59,3,23
2022-04-02,09675,60+,3,5
2022-04-02,09675,60+,4,67
2022-04-02,09676,18-59,4,11
2022-04-02,09676,60+,4,6
2022-04-02,09677,05-11,1,7
2022-04-02,09677,05-11,2,9
2022-04-02,09677,18-59,3,5
2022-04-02,09677,60+,4,6
2022-04-02,09761,05-11,2,12
2022-04-02,09761,12-17,2,8
2022-04-02,09761,12-17,3,13
2022-04-02,09761,18-59,1,9
2022-04-02,09761,18-59,2,28
2022-04-02,09761,18-59,3,72
2022-04-02,09761,18-59,4,11
2022-04-02,09761,60+,2,12
2022-04-02,09761,60+,3,13
2022-04-02,09761,60+,4,79
2022-04-02,09763,12-17,2,5
2022-04-02,09763,12-17,3,8
2022-04-02,09763,18-59,2,18
2022-04-02,09763,18-59,3,25
2022-04-02,09763,60+,4,40
2022-04-02,09764,05-11,1,10
2022-04-02,09764,18-59,3,13
2022-04-02,09764,60+,4,6
2022-04-02,09771,05-11,1,5
2022-04-02,09771,12-17,1,5
2022-04-02,09771,18-59,1,8
2022-04-02,09771,18-59,2,8
2022-04-02,09771,18-59,3,21
2022-04-02,09771,18-59,4,5
2022-04-02,09771,60+,4,10
2022-04-02,09772,18-59,3,5
2022-04-02,09772,18-59,4,6
2022-04-02,09772,60+,4,13
2022-04-02,09773,05-11,1,5
2022-04-02,09773,05-11,2,7
2022-04-02,09773,18-59,2,6
2022-04-02,09773,18-59,3,13
2022-04-02,09773,18-59,4,6
2022-04-02,09773,60+,3,7
2022-04-02,09773,60+,4,11
2022-04-02,09774,18-59,1,6
2022-04-02,09774,18-59,2,19
2022-04-02,09774,18-59,3,20
2022-04-02,09774,18-59,4,5
2022-04-02,09774,60+,2,5
2022-04-02,09774,60+,3,5
2022-04-02,09774,60+,4,24
2022-04-02,09775,18-59,3,5
2022-04-02,09775,18-59,4,5
2022-04-02,09775,60+,4,12
2022-04-02,09776,05-11,2,6
2022-04-02,09776,18-59,3,16
2022-04-02,09776,60+,1,5
2022-04-02,09776,60+,4,29
2022-04-02,09778,18-59,1,5
2022-04-02,09778,18-59,2,11
2022-04-02,09778,18-59,3,10
2022-04-02,09778,60+,3,5
2022-04-02,09778,60+,4,13
2022-04-02,09779,05-11,1,9
2022-04-02,09779,05-11,2,7
2022-04-02,09779,12-17,3,8
2022-04-02,09779,18-59,1,9
2022-04-02,09779,18-59,2,7
2022-04-02,09779,18-59,3,5
2022-04-02,09779,60+,2,5
2022-04-02,09779,60+,3,6
2022-04-02,09780,05-11,2,5
2022-04-02,09780,18-59,3,5
2022-04-02,09780,18-59,4,5
2022-04-02,09780,60+,2,5
2022-04-02,10041,05-11,2,7
2022-04-02,10041,12-17,3,6
2022-04-02,10041,12-17,4,6
2022-04-02,10041,18-59,3,44
2022-04-02,10041,18-59,4,6
2022-04-02,10041,60+,4,43
2022-04-02,10042,18-59,3,10
2022-04-02,10042,60+,4,8
2022-04-02,10043,05-11,1,7
2022-04-02,10043,05-11,2,7
2022-04-02,10043,12-17,3,13
2022-04-02,10043,12-17,4,12
2022-04-02,10043,18-59,2,10
2022-04-02,10043,18-59,3,37
2022-04-02,10043,18-59,4,18
2022-04-02,10043,60+,2,5
2022-04-02,10043,60+,3,5
2022-04-02,10043,60+,4,83
2022-04-02,10044,05-11,1,6
2022-04-02,10044,05-11,2,8
2022-04-02,10044,12-17,3,6
2022-04-02,10044,18-59,2,11
2022-04-02,10044,18-59,3,37
2022-04-02,10044,18-59,4,10
2022-04-02,10044,60+,3,13
2022-04-02,10044,60+,4,84
2022-04-02,10045,18-59,2,5
2022-04-02,10045,18-59,3,5
2022-04-02,10045,18-59,4,18
2022-04-02,10045,60+,4,16
2022-04-02,10046,18-59,2,5
2022-04-02,10046,18-59,3,5
2022-04-02,10046,60+,4,31
2022-04-02,11000,05-11,1,29
2022-04-02,11000,05-11,2,68
2022-04-02,11000,12-17,1,16
2022-04-02,11000,12-17,2,35
2022-04-02,11000,12-17,3,65
2022-04-02,11000,18-59,1,54
2022-04-02,11000,18-59,2,114
2022-04-02,11000,18-59,3,443
2022-04-02,11000,18-59,4,149
2022-04-02,11000,18-59,5,6
2022-04-02,11000,60+,1,12
2022-04-02,11000,60+,2,14
2022-04-02,11000,60+,3,82
2022-04-02,11000,60+,4,802
2022-04-02,11000,60+,5,14
2022-04-02,12051,12-17,2,6
2022-04-02,12051,60+,3,5
2022-04-02,12051,60+,4,5
2022-04-02,12052,60+,4,24
2022-04-02,12053,05-11,1,5
2022-04-02,12053,05-11,2,7
2022-04-02,12053,18-59,3,8
2022-04-02,12054,12-17,3,9
2022-04-02,12054,18-59,3,18
2022-04-02,12054,18-59,4,7
2022-04-02,12054,60+,3,6
2022-04-02,12054,60+,4,48
2022-04-02,12061,18-59,1,5
2022-04-02,12061,18-59,3,12
2022-04-02,12061,60+,4,13
2022-04-02,12062,18-59,3,6
2022-04-02,12063,18-59,4,5
2022-04-02,12063,60+,4,22
2022-04-02,12069,05-11,2,5
2022-04-02,12069,18-59,1,6
2022-04-02,12072,12-17,3,7
2022-04-02,12072,18-59,1,5
2022-04-02,12072,18-59,2,9
2022-04-02,12072,18-59,3,18
2022-04-02,12072,18-59,4,10
2022-04-02,12072,60+,4,18
2022-04-02,13071,05-11,2,9
2022-04-02,13071,12-17,1,5
2022-04-02,13071,12-17,3,6
2022-04-02,13071,18-59,1,6
2022-04-02,13071,18-59,2,15
2022-04-02,13071,18-59,3,25
2022-04-02,13071,60+,2,7
2022-04-02,13071,60+,3,7
2022-04-02,13071,60+,4,15
2022-04-02,13072,05-11,2,6
2022-04-02,13072,18-59,3,6
2022-04-02,13072,60+,4,8
2022-04-02,13074,05-11,2,9
2022-04-02,14511,05-11,1,6
2022-04-02,14511,05-11,2,7
2022-04-02,14511,12-17,3,7
2022-04-02,14511,18-59,1,8
2022-04-02,14511,18-59,2,10
2022-04-02,14511,18-59,3,17
2022-04-02,14511,60+,3,8
2022-04-02,14521,05-11,1,7
2022-04-02,14521,05-11,2,7
2022-04-02,14521,12-17,3,13
2022-04-02,14521,18-59,2,7
2022-04-02,14521,18-59,3,13
2022-04-02,14521,60+,3,7
2022-04-02,14522,12-17,3,8
2022-04-02,14522,18-59,1,7
2022-04-02,14522,18-59,2,5
2022-04-02,14522,18-59,3,28
2022-04-02,14522,18-59,4,7
2022-04-02,14522,60+,3,24
2022-04-02,14522,60+,4,52
2022-04-02,14523,05-11,2,6
2022-04-02,14523,12-17,2,9
2022-04-02,14523,18-59,2,5
2022-04-02,14523,18-59,3,18
2022-04-02,14523,60+,1,6
2022-04-02,14523,60+,2,5
2022-04-02,14523,60+,3,6
2022-04-02,14524,18-59,1,5
2022-04-02,14524,18-59,2,9
2022-04-02,14524,18-59,3,19
2022-04-02,14524,60+,3,7
2022-04-02,14612,18-59,3,12
2022-04-02,14625,18-59,3,7
2022-04-02,14625,18-59,4,5
2022-04-02,14626,12-17,3,5
2022-04-02,14626,18-59,2,15
2022-04-02,14626,18-59,3,20
2022-04-02,14626,60+,1,6
2022-04-02,14626,60+,2,6
2022-04-02,14626,60+,3,5
2022-04-02,14626,60+,4,5
2022-04-02,14627,18-59,2,7
2022-04-02,14627,18-59,3,15
2022-04-02,14627,60+,2,6
2022-04-02,14627,60+,3,7
2022-04-02,14628,12-17,3,6
2022-04-02,14628,18-59,1,7
2022-04-02,14628,18-59,2,5
2022-04-02,14628,18-59,3,24
2022-04-02,14628,60+,2,5
2022-04-02,14628,60+,3,8
2022-04-02,14713,05-11,1,5
2022-04-02,14713,05-11,2,13
2022-04-02,14713,12-17,3,14
2022-04-02,14713,18-59,1,6
2022-04-02,14713,18-59,2,31
2022-04-02,14713,18-59,3,83
2022-04-02,14713,18-59,4,6
2022-04-02,14713,60+,3,46
2022-04-02,14713,60+,4,24
2022-04-02,14729,18-59,3,11
2022-04-02,14729,60+,3,6
2022-04-02,14730,18-59,3,20
2022-04-02,14730,18-59,4,5
2022-04-02,14730,60+,3,7
2022-04-02,14730,60+,4,22
2022-04-02,15002,18-59,2,5
2022-04-02,15002,18-59,3,19
2022-04-02,15002,18-59,4,6
2022-04-02,15002,60+,4,15
2022-04-02,15081,60+,4,16
2022-04-02,15082,18-59,4,7
2022-04-02,15082,60+,4,7
2022-04-02,15084,12-17,3,6
2022-04-02,15084,18-59,2,8
2022-04-02,15084,18-59,3,20
2022-04-02,15084,60+,3,5
2022-04-02,15084,60+,4,14
2022-04-02,15087,12-17,2,5
2022-04-02,15089,60+,1,6
2022-04-02,15089,60+,4,8
2022-04-02,15091,05-11,2,6
2022-04-02,15091,12-17,3,5
2022-04-02,15091,18-59,1,5
2022-04-02,15091,18-59,3,13
2022-04-02,15091,60+,4,16
2022-04-02,16051,18-59,1,18
2022-04-02,16051,18-59,2,27
2022-04-02,16051,18-59,3,6
2022-04-02,16051,18-59,4,5
2022-04-02,16051,60+,2,11
2022-04-02,16051,60+,4,17
2022-04-02,16052,18-59,1,7
2022-04-02,16052,18-59,2,20
2022-04-02,16052,60+,2,7
2022-04-02,16053,60+,2,8
2022-04-02,16054,18-59,2,10
2022-04-02,16055,18-59,1,9
2022-04-02,16055,18-59,2,9
2022-04-02,16055,60+,2,7
2022-04-02,16056,18-59,1,6
2022-04-02,16056,18-59,2,18
2022-04-02,16061,18-59,2,9
2022-04-02,16062,18-59,1,6
2022-04-02,16062,18-59,2,7
2022-04-02,16063,18-59,2,9
2022-04-02,16063,60+,2,6
2022-04-02,16064,18-59,2,5
2022-04-02,16065,18-59,1,8
2022-04-02,16066,18-59,2,12
2022-04-02,16066,18-59,3,6
2022-04-02,16067,18-59,1,9
2022-04-02,16067,18-59,2,15
2022-04-02,16069,18-59,2,8
2022-04-02,16069,60+,2,6
2022-04-02,16070,18-59,2,11
2022-04-02,16070,60+,2,5
2022-04-02,16072,18-59,2,6
2022-04-02,16072,60+,2,5
2022-04-02,16073,18-59,1,7
2022-04-02,16073,18-59,2,7
2022-04-02,16074,18-59,3,21
2022-04-02,16074,60+,3,5
2022-04-02,16074,60+,4,18
2022-04-02,16075,18-59,1,7
2022-04-02,16076,18-59,2,5
2022-04-02,16076,60+,2,5
2022-04-02,16077,18-59,2,6
